0 13.396096 52.538857 20481 0.582
1 13.387728 52.493557 502782 0.45
2 13.333867 52.524307 9847 0.705
3 13.356342 52.54768 9271 0.68
4 13.334824 52.55102 233632 0.864
5 13.296152 52.499363 7111 0.393
6 13.388738 52.5194 502077 0.383
7 13.379787 52.516727 79180 0.791
8 13.373732 52.50793 395264 0.325
9 13.37643 52.510586 501615 0.538
10 13.398848 52.523468 13193 0.777
11 13.270851 52.508907 459495 0.975
12 13.377005 52.50827 380739 0.705
13 13.383028 52.530865 502245 0.136
14 13.389925 52.515812 79251 0.471
15 13.383145 52.530758 502245 0.722
16 13.390018 52.511074 502618 0.238
17 13.389471 52.511356 458192 0.128
18 13.411459 52.519974 355995 0.18
19 13.410351 52.51953 81836 0.451
20 13.407813 52.52193 87491 0.978
21 13.41272 52.522655 446084 0.364
22 13.53153 52.50991 176772 0.555
23 13.530639 52.429688 293284 0.437
24 13.412062 52.540592 308539 0.294
25 13.544121 52.525692 339673 0.422
26 13.421581 52.53921 361714 0.874
27 13.412505 52.540867 500152 0.123
28 13.4141 52.54064 296941 0.505
29 13.420499 52.538223 86162 0.259
30 13.415622 52.543877 320416 0.911
31 13.354067 52.488007 309402 0.486
32 13.331523 52.50285 453104 0.809
33 13.477318 52.48745 133743 0.356
34 13.371143 52.46955 75334 0.306
35 13.509137 52.45623 172962 0.342
36 13.463515 52.51461 422481 0.281
37 13.509131 52.45656 498165 0.243
38 13.4626875 52.515156 427699 0.402
39 13.607002 52.505447 386412 0.574
40 13.181399 52.51146 35878 0.916
41 13.184665 52.51646 407222 0.587
42 13.290938 52.595737 296314 0.539
43 13.323771 52.475304 81279 0.055
44 13.406174 52.545845 15175 0.156
45 13.416538 52.50179 224708 0.445
46 13.343937 52.51676 453876 0.379
47 13.346432 52.518616 424844 0.739
48 13.327771 52.50331 494753 0.837
49 13.348355 52.514652 380435 0.151
50 13.2172575 52.42721 483735 0.423
51 13.360948 52.4882 44363 0.244
52 13.419344 52.51466 423342 0.231
53 13.292542 52.45635 301650 0.811
54 13.443644 52.49799 335782 0.773
55 13.443181 52.497063 99436 0.919
56 13.361927 52.488266 44364 0.863
57 13.387 52.525913 457489 0.009
58 13.3655815 52.427284 128484 0.841
59 13.526315 52.492176 179459 0.466
60 13.3403015 52.470013 96413 0.955
61 13.4225855 52.433666 230567 0.857
62 13.407996 52.43255 372162 0.282
63 13.385149 52.48039 344693 0.556
64 13.467833 52.468624 241097 0.722
65 13.466395 52.505405 339462 0.69
66 13.466686 52.50568 339463 0.082
67 13.382575 52.491707 86533 0.933
68 13.393508 52.489014 11101 0.745
69 13.461449 52.512268 160283 0.116
70 13.461317 52.512047 160283 0.227
71 13.35709 52.42805 98813 0.481
72 13.444871 52.474007 85143 0.375
73 13.388135 52.526447 379833 0.714
74 13.503571 52.56581 61428 0.346
75 13.357248 52.425457 406876 1.0
76 13.556704 52.546837 366576 0.0
77 13.367515 52.491047 416853 0.721
78 13.457186 52.509777 278297 0.798
79 13.456938 52.51094 65259 0.16
80 13.458253 52.512802 160285 0.726
81 13.457108 52.51601 99504 0.893
82 13.462045 52.51681 271229 0.488
83 13.463162 52.51659 271230 0.177
84 13.4652605 52.516224 271232 0.123
85 13.465906 52.518337 17284 0.066
86 13.472154 52.515556 17311 0.736
87 13.473798 52.514874 240528 0.414
88 13.473956 52.51482 240528 0.597
89 13.373402 52.557323 13141 0.802
90 13.458563 52.51133 251052 0.139
91 13.46021 52.5125 160284 0.392
92 13.459133 52.512432 160285 0.135
93 13.203467 52.537537 28527 0.787
94 13.201996 52.537083 64327 0.562
95 13.191101 52.433964 107872 0.625
96 13.458037 52.529465 418731 0.184
97 13.409008 52.52866 424500 0.899
98 13.601558 52.482006 57286 0.107
99 13.434984 52.426903 151837 0.928
100 13.434982 52.426968 464039 0.907
101 13.3213625 52.50744 320925 0.007
102 13.438272 52.542686 14188 0.839
103 13.322974 52.49786 4248 0.152
104 13.3228245 52.49794 4247 0.623
105 13.335305 52.595314 230271 1.0
106 13.6251955 52.416946 456084 0.595
107 13.435761 52.532345 320881 0.003
108 13.446284 52.524544 132567 0.218
109 13.4151125 52.493107 113465 0.208
110 13.385286 52.484467 304834 0.0
111 13.573538 52.41152 305137 0.154
112 13.130758 52.444546 119729 0.026
113 13.363584 52.560547 120462 0.524
114 13.370257 52.40885 120398 0.397
115 13.398318 52.51526 13290 0.102
116 13.398526 52.519115 269552 0.244
117 13.377059 52.5173 311396 0.757
118 13.40966 52.521378 231841 0.121
119 13.404072 52.551186 37010 0.156
120 13.408062 52.551666 142871 0.905
121 13.416979 52.54978 296621 0.366
122 13.3817005 52.410446 124211 0.331
123 13.418279 52.49232 113467 0.634
124 13.418132 52.492355 113467 0.537
125 13.418033 52.493103 114034 0.124
126 13.419015 52.4938 28230 0.467
127 13.419301 52.49373 28230 0.047
128 13.4204 52.49316 28226 0.1
129 13.339947 52.48834 483331 0.688
130 13.348106 52.481335 472456 0.402
131 13.3554125 52.485462 265308 0.417
132 13.311965 52.500153 178323 0.157
133 13.464058 52.52879 342127 0.584
134 13.355162 52.48667 499030 0.831
135 13.368306 52.545 11614 0.199
136 13.337072 52.504856 304624 0.828
137 13.452738 52.524734 36389 0.482
138 13.398688 52.53511 95061 0.47
139 13.402935 52.536816 12615 0.461
140 13.400703 52.537376 12619 0.203
141 13.359303 52.546036 284235 1.0
142 13.359133 52.54613 171314 0.714
143 13.284778 52.58884 173641 0.888
144 13.404023 52.537373 12623 0.339
145 13.358105 52.547287 179666 0.082
146 13.358816 52.54589 457006 0.265
147 13.357559 52.545692 10245 0.648
148 13.359124 52.546646 60519 0.444
149 13.359206 52.546646 60523 0.226
150 13.359753 52.54655 31566 0.47
151 13.440014 52.515926 404940 0.0
152 13.531987 52.431004 206536 0.809
153 13.53585 52.43233 293341 0.48
154 13.535167 52.43257 293347 0.961
155 13.449707 52.522293 14528 0.792
156 13.411955 52.521156 396054 0.485
157 13.411891 52.5212 396054 0.199
158 13.411638 52.521053 396059 0.103
159 13.414679 52.540207 126784 0.88
160 13.413335 52.549862 138918 0.552
161 13.456685 52.529423 283095 0.241
162 13.404251 52.53333 424717 0.777
163 13.307115 52.456203 476460 0.923
164 13.363077 52.413395 301975 0.806
165 13.3629265 52.41325 301975 0.282
166 13.363518 52.414143 53335 0.622
167 13.364285 52.41435 137096 0.728
168 13.423898 52.51757 65999 0.725
169 13.401809 52.529526 462007 0.189
170 13.382214 52.522106 9789 0.278
171 13.384282 52.520615 352313 0.314
172 13.383755 52.523094 140894 0.901
173 13.388015 52.526012 428663 0.344
174 13.389291 52.519756 170075 0.41
175 13.384504 52.52236 140894 0.031
176 13.276002 52.448284 339292 0.559
177 13.392743 52.56448 331609 0.062
178 13.400885 52.53319 58777 0.868
179 13.402242 52.53122 49831 0.089
180 13.394412 52.528446 136311 0.308
181 13.392664 52.527496 310521 0.899
182 13.563407 52.542343 492187 0.089
183 13.4057255 52.534927 467942 0.339
184 13.330936 52.504128 470535 1.0
185 13.325348 52.46709 8521 0.792
186 13.570625 52.54121 474644 0.252
187 13.401878 52.53317 58779 0.369
188 13.323442 52.42903 421592 0.602
189 13.232714 52.438316 243907 0.509
190 13.563141 52.541782 34409 0.529
191 13.418855 52.500927 82253 0.537
192 13.436245 52.500668 351684 0.513
193 13.368744 52.492928 91924 0.16
194 13.367236 52.49307 96273 0.095
195 13.280223 52.588802 39962 0.433
196 13.14248 52.524883 267085 0.838
197 13.433635 52.495766 6991 0.465
198 13.528786 52.454277 261093 0.651
199 13.526982 52.48573 18606 0.779
200 13.35153 52.550312 457791 0.516
201 13.354343 52.618176 402307 0.546
202 13.271343 52.510303 3001 0.349
203 13.307839 52.50901 80077 0.748
204 13.305513 52.50801 6612 0.877
205 13.281846 52.58931 24947 0.119
206 13.4153595 52.547096 36767 0.419
207 13.414734 52.54769 225610 0.701
208 13.412531 52.546215 319193 0.438
209 13.399735 52.532925 58776 0.928
210 13.377091 52.50922 499880 0.719
211 13.379782 52.50956 448900 0.313
212 13.388252 52.522587 322863 0.31
213 13.379078 52.600395 157332 0.527
214 13.650709 52.389874 224883 0.141
215 13.338721 52.45664 153356 0.755
216 13.376366 52.59792 158684 0.419
217 13.467004 52.505527 339463 0.146
218 13.303664 52.499935 461272 0.281
219 13.421561 52.434116 27663 0.58
220 13.219129 52.537582 323692 0.0
221 13.721356 52.438904 140332 0.134
222 13.441051 52.51768 413144 0.797
223 13.295969 52.51579 7521 0.613
224 13.428397 52.56836 209808 0.318
225 13.326209 52.50954 425279 0.922
226 13.588544 52.51226 193321 0.768
227 13.320303 52.485867 981 0.798
228 13.560487 52.505802 185151 0.849
229 13.433804 52.490086 241386 0.627
230 13.442478 52.49849 335782 0.098
231 13.421225 52.496284 83991 0.459
232 13.430237 52.498276 329590 0.548
233 13.42554 52.499393 352639 0.509
234 13.442094 52.500748 279323 0.285
235 13.266864 52.59243 62773 0.546
236 13.373032 52.5074 43781 0.269
237 13.579442 52.49764 81731 0.835
238 13.721755 52.41926 59508 0.9
239 13.417805 52.54297 320413 0.541
240 13.523337 52.49686 450592 0.753
241 13.421242 52.545376 43303 0.917
242 13.5788555 52.55069 463437 0.705
243 13.342083 52.51736 469052 1.0
244 13.293873 52.443745 64202 0.875
245 13.305892 52.50872 192570 0.724
246 13.361321 52.48628 398457 1.0
247 13.359248 52.486572 259305 0.621
248 13.346084 52.48471 8261 0.408
249 13.465159 52.493195 338823 0.49
250 13.464548 52.493473 338824 0.551
251 13.46364 52.49383 338827 0.22
252 13.463317 52.493958 338828 0.273
253 13.422844 52.54121 296964 0.391
254 13.42625 52.543224 256961 0.0
255 13.342529 52.502277 502468 0.103
256 13.324578 52.460293 301731 0.144
257 13.496194 52.51202 311640 0.863
258 13.49654 52.51203 311640 0.366
259 13.497071 52.512054 311639 0.536
260 13.497034 52.511738 177989 0.15
261 13.498342 52.512085 100792 0.88
262 13.498464 52.512077 100792 0.646
263 13.291027 52.497425 92819 0.772
264 13.415689 52.43277 19425 0.706
265 13.324536 52.511475 450152 0.805
266 13.315569 52.447353 320496 0.264
267 13.492295 52.637207 244382 0.7
268 13.492224 52.63627 243451 0.637
269 13.39699 52.52718 13179 0.119
270 13.377115 52.50905 499880 0.278
271 13.281837 52.448 368883 0.0
272 13.454428 52.503086 441932 0.889
273 13.385259 52.466187 502476 0.777
274 13.455332 52.51802 17276 0.353
275 13.326275 52.52191 2571 0.616
276 13.321868 52.52115 2562 0.677
277 13.296536 52.529556 21267 0.479
278 13.457029 52.59301 347517 0.568
279 13.48592 52.503727 332540 0.948
280 13.537391 52.43146 280259 0.042
281 13.410257 52.51905 421645 0.45
282 13.410824 52.519432 424864 1.0
283 13.404914 52.52041 458473 0.079
284 13.325822 52.514526 322800 0.65
285 13.431585 52.50153 346738 0.892
286 13.548347 52.46537 41839 0.548
287 13.546913 52.464096 306071 0.117
288 13.429955 52.499157 166885 0.583
289 13.42956 52.500652 346780 0.52
290 13.309473 52.500507 491607 0.867
291 13.455555 52.47383 390780 0.531
292 13.441726 52.46847 398833 0.123
293 13.393672 52.512486 70721 0.311
294 13.425517 52.478737 189572 0.221
295 13.425823 52.47918 189562 0.427
296 13.425811 52.47921 189562 0.701
297 13.425557 52.480625 128318 0.05
298 13.435696 52.4808 226047 0.778
299 13.436925 52.47943 313830 0.835
300 13.442952 52.470657 484629 0.92
301 13.206396 52.43081 898 0.5
302 13.384175 52.45904 327721 0.296
303 13.383566 52.45676 352391 0.531
304 13.38353 52.456184 352392 0.85
305 13.384467 52.454678 458201 1.0
306 13.384834 52.452587 178202 0.232
307 13.384915 52.44845 305025 0.031
308 13.384905 52.448536 427491 0.123
309 13.385223 52.44723 137741 0.635
310 13.386528 52.443504 192942 0.143
311 13.386628 52.443398 192942 0.253
312 13.278337 52.448837 300031 0.241
313 13.459371 52.549892 433600 0.941
314 13.388676 52.519745 170075 0.04
315 13.21459 52.439125 166516 0.429
316 13.206474 52.53808 30709 0.309
317 13.206821 52.538048 30709 0.632
318 13.438123 52.45199 471516 0.05
319 13.432326 52.44396 313208 0.726
320 13.336993 52.50458 460499 1.0
321 13.447477 52.468918 146550 0.412
322 13.3234415 52.523296 168236 0.942
323 13.32219 52.521225 2564 0.573
324 13.44777 52.459156 53670 0.388
325 13.193259 52.524174 12914 0.13
326 13.470774 52.53103 496201 0.217
327 13.441037 52.501095 17558 0.311
328 13.438579 52.477196 192841 0.15
329 13.424517 52.486694 504188 0.84
330 13.413066 52.547825 182160 0.85
331 13.577266 52.549736 333691 0.71
332 13.191246 52.53586 74811 1.0
333 13.275885 52.448345 339293 0.008
334 13.486652 52.42476 57951 0.127
335 13.412466 52.56305 272439 0.047
336 13.412097 52.565754 272433 0.42
337 13.411808 52.56805 329201 0.652
338 13.405171 52.570114 492988 0.485
339 13.435294 52.49104 17706 0.933
340 13.188814 52.536957 145274 0.533
341 13.457143 52.442356 140128 0.143
342 13.436555 52.467075 131668 0.519
343 13.419711 52.46008 441828 0.943
344 13.409476 52.455128 315932 0.437
345 13.387669 52.440483 360976 0.696
346 13.451696 52.52623 36387 0.025
347 13.4246645 52.474503 215329 0.607
348 13.409107 52.571404 21470 0.448
349 13.403495 52.58101 22769 0.357
350 13.404357 52.58189 295395 0.0
351 13.402751 52.583656 22916 0.864
352 13.34833 52.552216 171019 0.753
353 13.450527 52.473656 27867 0.264
354 13.32197 52.457127 55850 0.509
355 13.426226 52.46567 100008 0.065
356 13.438874 52.488907 191997 0.318
357 13.4193535 52.4335 329430 0.942
358 13.4096575 52.570614 268008 0.278
359 13.417715 52.57091 127282 0.0
360 13.413764 52.572136 421252 0.606
361 13.414723 52.57175 421265 0.153
362 13.246207 52.56198 73847 0.164
363 13.44951 52.47897 162320 0.107
364 13.376067 52.455524 79927 0.566
365 13.445148 52.461952 108774 0.287
366 13.458711 52.44012 287646 0.221
367 13.457885 52.491127 189378 0.0
368 13.397053 52.38676 135335 0.377
369 13.2992735 52.42205 499449 0.041
370 13.305363 52.417583 74601 0.86
371 13.390271 52.557766 266708 0.543
372 13.439682 52.47705 426851 0.925
373 13.429059 52.4982 288917 0.756
374 13.410533 52.550365 325184 0.465
375 13.441396 52.469414 503819 1.0
376 13.44216 52.469574 393266 0.0
377 13.30386 52.426598 299359 0.222
378 13.442842 52.46793 53493 0.141
379 13.456354 52.510735 342975 0.22
380 13.348011 52.497517 11866 0.056
381 13.492223 52.512222 170842 0.677
382 13.467694 52.504776 278294 0.469
383 13.413333 52.54957 84970 0.003
384 13.524642 52.455254 354914 0.748
385 13.409513 52.538155 445566 0.295
386 13.373725 52.5176 227459 0.323
387 13.285095 52.50632 330237 0.924
388 13.336418 52.6182 224698 0.431
389 13.40883 52.537544 247108 0.012
390 13.541968 52.51789 177962 0.131
391 13.450817 52.47875 162322 0.211
392 13.43252 52.518444 413152 0.293
393 13.46486 52.51631 271231 0.792
394 13.383813 52.551395 12052 0.158
395 13.425074 52.494316 17672 0.969
396 13.432799 52.46526 425005 0.963
397 13.382014 52.49353 209602 0.507
398 13.424424 52.543945 256959 0.158
399 13.50838 52.528156 463861 0.404
400 13.432277 52.48794 313802 0.943
401 13.28151 52.589146 39959 0.197
402 13.495283 52.513912 176297 0.0
403 13.4957 52.51273 176306 0.966
404 13.466576 52.51474 271104 0.154
405 13.440994 52.472084 321802 0.699
406 13.441276 52.47297 362779 0.0
407 13.4568205 52.490707 259317 0.673
408 13.45759 52.490566 189376 0.192
409 13.424949 52.480495 128326 0.501
410 13.433066 52.48071 344778 0.323
411 13.514748 52.505447 360594 0.02
412 13.417902 52.493504 114035 0.164
413 13.286882 52.583958 483673 0.061
414 13.422625 52.544197 320406 0.868
415 13.420641 52.542095 320402 0.733
416 13.339614 52.450706 444529 0.0
417 13.320584 52.481945 4533 0.167
418 13.27501 52.53661 439974 0.533
419 13.476667 52.505054 217368 0.63
420 13.473367 52.50377 344570 0.0
421 13.428796 52.491547 280090 0.835
422 13.539011 52.421165 427635 0.535
423 13.260401 52.50151 46420 0.569
424 13.357265 52.541122 11511 0.136
425 13.357427 52.54196 177907 0.409
426 13.357633 52.5422 177916 0.096
427 13.593828 52.52964 336573 0.279
428 13.382232 52.51628 79182 0.894
429 13.393755 52.526173 424479 1.0
430 13.297057 52.50149 91940 0.279
431 13.379256 52.52902 11443 0.082
432 13.298564 52.485607 442852 0.342
433 13.401343 52.520687 124378 0.133
434 13.526357 52.456177 175458 0.3
435 13.578066 52.458183 350974 0.661
436 13.57659 52.45853 137376 0.419
437 13.576401 52.458107 137376 0.786
438 13.578607 52.458233 140522 0.0
439 13.578117 52.458393 350974 0.812
440 13.578323 52.4581 350974 0.737
441 13.578358 52.458313 350974 0.882
442 13.379363 52.52314 425508 0.508
443 13.224245 52.57503 294059 0.012
444 13.48754 52.46577 285622 0.0
445 13.405842 52.54666 15178 0.702
446 13.594262 52.449036 93631 0.709
447 13.414949 52.540863 439259 0.873
448 13.416697 52.54058 439256 0.899
449 13.419563 52.540142 320894 0.734
450 13.417219 52.5405 320896 0.982
451 13.41766 52.540436 320896 0.685
452 13.419793 52.512325 267535 0.231
453 13.286023 52.536903 353 0.335
454 13.482422 52.50323 465009 0.287
455 13.330821 52.530804 356735 0.815
456 13.397434 52.58017 87806 0.121
457 13.500984 52.54873 324138 0.836
458 13.474368 52.514145 242982 0.237
459 13.475565 52.51406 283100 0.081
460 13.498299 52.543995 106850 0.406
461 13.511414 52.462803 126289 0.681
462 13.512669 52.462624 355050 0.529
463 13.492981 52.54446 179241 0.487
464 13.4925995 52.544247 179241 0.765
465 13.491257 52.543167 106865 0.244
466 13.489029 52.54195 498308 0.369
467 13.307259 52.50559 4158 0.139
468 13.308316 52.510277 5851 0.047
469 13.320727 52.482033 4533 0.277
470 13.320157 52.480915 8270 0.114
471 13.328736 52.53309 385650 0.008
472 13.50365 52.548668 356377 0.417
473 13.430705 52.498104 144655 0.891
474 13.431194 52.49857 329589 0.253
475 13.299198 52.504837 129582 0.87
476 13.417398 52.546947 225615 0.523
477 13.415476 52.547955 36761 0.884
478 13.418557 52.494377 126340 0.648
479 13.435451 52.51111 382931 0.017
480 13.414729 52.545788 36769 0.614
481 13.415758 52.54383 320416 0.801
482 13.307921 52.50166 296498 0.649
483 13.267435 52.483723 331427 0.881
484 13.514154 52.464874 382115 0.399
485 13.392622 52.486835 317488 0.177
486 13.472777 52.51236 333027 0.447
487 13.472576 52.513683 242787 0.969
488 13.422104 52.544228 320406 0.738
489 13.368493 52.54456 11608 0.028
490 13.470857 52.415436 187903 1.0
491 13.503525 52.54796 106924 0.714
492 13.503765 52.54796 106924 0.445
493 13.4162035 52.54436 177256 0.436
494 13.415888 52.518116 194339 0.138
495 13.471947 52.51375 413808 0.652
496 13.509288 52.550575 330992 0.071
497 13.193599 52.430622 388220 0.479
498 13.502812 52.555656 32916 0.683
499 13.412189 52.50259 262101 0.105
500 13.412718 52.531216 341996 0.637
501 13.412804 52.531315 169960 0.779
502 13.371144 52.422215 24662 0.255
503 13.397492 52.386578 30580 0.763
504 13.312864 52.481316 457712 0.0
505 13.39979 52.3865 445951 0.547
506 13.474647 52.514854 270646 0.635
507 13.398232 52.386745 135334 0.834
508 13.460217 52.550076 433607 0.136
509 13.46284 52.55064 345416 0.37
510 13.466457 52.55208 260131 0.93
511 13.449999 52.54854 379903 0.307
512 13.449848 52.548573 379902 0.547
513 13.453189 52.548386 248567 0.446
514 13.480851 52.52323 441110 0.738
515 13.415211 52.541836 320504 0.678
516 13.525457 52.48007 411388 0.663
517 13.406129 52.53616 12602 0.364
518 13.520117 52.553543 381673 0.329
519 13.502697 52.63659 276288 0.401
520 13.412885 52.520466 423944 0.827
521 13.412701 52.52061 446134 0.594
522 13.412827 52.520504 446133 1.0
523 13.451292 52.510525 252248 0.299
524 13.271697 52.536877 11202 0.131
525 13.2045555 52.536873 103878 0.714
526 13.460367 52.49299 283042 0.814
527 13.323454 52.513752 435642 0.48
528 13.479604 52.470486 221770 0.264
529 13.311966 52.58473 44874 0.914
530 13.2323475 52.43746 380414 0.87
531 13.454484 52.42925 466994 0.515
532 13.403377 52.386787 1162 0.513
533 13.401635 52.413048 167693 0.418
534 13.405347 52.54063 247103 0.494
535 13.307374 52.50514 349272 0.575
536 13.402679 52.5311 49830 0.639
537 13.47114 52.510376 43408 0.267
538 13.321768 52.520905 2561 0.534
539 13.326061 52.521877 2571 0.463
540 13.312924 52.570137 127439 0.592
541 13.322348 52.52344 168238 0.431
542 13.443233 52.499203 335655 0.178
543 13.443463 52.500015 62229 0.896
544 13.405808 52.534363 467942 0.56
545 13.402533 52.524033 219788 0.961
546 13.43192 52.482296 132815 0.436
547 13.314585 52.4172 298890 0.525
548 13.38715 52.549377 484928 1.0
549 13.305692 52.509377 5500 0.32
550 13.393698 52.619267 68544 0.408
551 13.328525 52.52786 356709 0.133
552 13.323165 52.514156 196469 0.944
553 13.3098135 52.507736 164496 0.042
554 13.296924 52.500645 7109 0.413
555 13.335386 52.52657 9096 0.633
556 13.328903 52.528046 356708 0.945
557 13.328469 52.527634 329921 0.138
558 13.34251 52.532154 16540 0.917
559 13.467254 52.468166 153043 0.348
560 13.3967905 52.536846 452304 0.538
561 13.280551 52.447098 19512 0.509
562 13.330469 52.5055 248997 0.21
563 13.318797 52.50108 2803 0.744
564 13.322739 52.51097 206578 1.0
565 13.390571 52.51473 160256 0.581
566 13.438024 52.482956 313611 0.921
567 13.436753 52.483585 267311 0.845
568 13.445319 52.445587 200970 0.367
569 13.4478855 52.437077 201943 0.614
570 13.448364 52.437138 201943 0.101
571 13.381786 52.454124 197648 0.805
572 13.411736 52.550938 325209 0.902
573 13.411503 52.55059 37021 0.889
574 13.456096 52.49018 58559 0.585
575 13.418065 52.54229 35457 0.245
576 13.387091 52.523907 279893 0.403
577 13.397358 52.53593 402923 0.303
578 13.354993 52.487392 309403 0.306
579 13.330153 52.52744 92546 0.379
580 13.399052 52.50775 440473 0.543
581 13.388044 52.550354 12110 0.383
582 13.386945 52.55001 427333 0.3
583 13.385913 52.552876 12057 0.459
584 13.38413 52.551167 179726 0.326
585 13.521602 52.513424 124135 0.254
586 13.386007 52.552944 12057 0.558
587 13.388733 52.549717 54723 0.871
588 13.572448 52.409157 312578 0.522
589 13.559369 52.40412 228932 0.505
590 13.291002 52.47547 429046 0.903
591 13.326232 52.462364 485850 0.802
592 13.282506 52.451416 144495 0.695
593 13.411857 52.552147 12572 0.341
594 13.582839 52.455193 350190 0.721
595 13.421401 52.53563 36685 0.695
596 13.305632 52.50957 192555 0.9
597 13.306923 52.50105 7173 0.431
598 13.529616 52.432293 206541 0.623
599 13.496207 52.506042 18195 0.637
600 13.496894 52.50722 302052 0.219
601 13.497346 52.508823 125006 0.087
602 13.538272 52.52816 136891 0.246
603 13.454766 52.429745 390034 0.87
604 13.387706 52.549587 201922 0.833
605 13.538245 52.528282 136881 0.549
606 13.384002 52.55598 332472 0.237
607 13.388968 52.549423 227152 0.602
608 13.4911175 52.501865 332565 0.498
609 13.4944935 52.502945 332593 0.565
610 13.498393 52.50979 101629 0.398
611 13.498448 52.509907 391389 0.136
612 13.208799 52.509518 202097 1.0
613 13.211431 52.50954 202087 0.683
614 13.48102 52.478905 428942 0.952
615 13.306835 52.499905 149152 0.429
616 13.436267 52.424183 203041 0.673
617 13.436076 52.424557 203042 0.072
618 13.436334 52.42337 83128 0.88
619 13.436369 52.423378 83129 0.06
620 13.436585 52.42429 203055 0.28
621 13.543579 52.523823 489628 0.0
622 13.5402975 52.52673 289344 1.0
623 13.537744 52.52783 144696 0.346
624 13.400746 52.529995 189030 0.367
625 13.402381 52.528492 189028 0.79
626 13.343003 52.53128 11373 0.774
627 13.454101 52.510445 95771 0.652
628 13.60796 52.53939 316532 0.737
629 13.485254 52.51226 251383 0.184
630 13.3421335 52.5016 453095 0.925
631 13.323089 52.458904 187584 0.713
632 13.428733 52.472214 472393 0.357
633 13.433447 52.472336 321062 0.402
634 13.370758 52.42283 96215 0.899
635 13.271381 52.576004 323552 0.123
636 13.300736 52.501335 2236 0.283
637 13.305153 52.513344 324963 0.082
638 13.305802 52.510284 7116 0.82
639 13.305442 52.51352 324963 0.234
640 13.301363 52.51533 7049 0.222
641 13.401233 52.414993 167724 0.71
642 13.281843 52.477764 428111 0.803
643 13.28361 52.478886 428110 0.433
644 13.311455 52.47989 197537 0.011
645 13.31234 52.48054 501852 0.0
646 13.285616 52.47946 238648 0.132
647 13.507573 52.439255 206741 1.0
648 13.292238 52.474533 267436 0.62
649 13.292523 52.474434 267435 0.968
650 13.29242 52.475 236843 0.348
651 13.292159 52.475113 236843 0.586
652 13.275639 52.5369 466722 0.384
653 13.57205 52.412678 372762 0.34
654 13.301475 52.48864 501932 0.439
655 13.268696 52.511322 12370 0.164
656 13.260413 52.515957 456642 0.119
657 13.260642 52.515945 499380 1.0
658 13.262141 52.51575 85436 0.286
659 13.400314 52.522808 189089 0.476
660 13.259382 52.430172 496248 0.0
661 13.403732 52.52044 442724 0.796
662 13.430424 52.498203 329590 0.36
663 13.392914 52.520203 13229 0.11
664 13.462446 52.514755 404948 0.929
665 13.428214 52.498486 288917 0.364
666 13.408489 52.537643 499385 0.277
667 13.380377 52.552532 84057 0.891
668 13.253181 52.450012 345596 0.831
669 13.253482 52.450108 345596 0.533
670 13.512243 52.504143 183478 0.075
671 13.39325 52.48934 11101 0.378
672 13.392638 52.489437 11100 0.663
673 13.497185 52.52621 199799 0.788
674 13.352068 52.48042 291678 0.262
675 13.357326 52.48746 227456 0.114
676 13.361311 52.48574 278656 0.684
677 13.360773 52.49458 7731 0.741
678 13.465397 52.522614 263371 0.368
679 13.478838 52.516212 482695 0.156
680 13.307358 52.505054 349273 0.04
681 13.392693 52.543068 179785 1.0
682 13.392614 52.543175 179787 0.201
683 13.201218 52.548214 207392 0.317
684 13.200993 52.54777 207392 0.665
685 13.200496 52.548946 207385 0.759
686 13.19829 52.533543 492776 0.833
687 13.313214 52.5032 4174 0.959
688 13.377943 52.53636 33291 0.427
689 13.302525 52.60003 220940 0.394
690 13.413104 52.548233 182160 0.372
691 13.40735 52.539246 177206 0.929
692 13.402402 52.530807 49831 0.237
693 13.26144 52.436245 150189 0.814
694 13.424992 52.534744 13966 0.324
695 13.413792 52.55905 272299 0.83
696 13.290735 52.47513 2104 0.323
697 13.459409 52.548332 23313 0.562
698 13.292747 52.457886 301024 0.12
699 13.292557 52.457882 301024 0.328
700 13.414292 52.542583 242781 0.043
701 13.419249 52.54541 131834 0.46
702 13.460175 52.50974 65255 0.436
703 13.212061 52.60662 192243 0.898
704 13.230632 52.608257 399238 0.66
705 13.448567 52.512096 426674 0.266
706 13.261697 52.43514 136665 0.239
707 13.458975 52.51266 160285 0.259
708 13.475501 52.513863 283099 0.584
709 13.475514 52.51392 283099 0.728
710 13.48925 52.512463 423561 0.284
711 13.496519 52.41727 305406 0.73
712 13.352792 52.484047 265304 0.966
713 13.360819 52.490635 227445 0.0
714 13.325109 52.455482 466763 0.842
715 13.3350935 52.47227 96003 0.292
716 13.353913 52.413315 133567 0.967
717 13.308404 52.503178 258240 0.972
718 13.307596 52.504234 296486 0.433
719 13.307642 52.504078 296486 0.608
720 13.320873 52.502995 4180 0.094
721 13.293704 52.488564 6288 0.831
722 13.301063 52.488445 501933 0.827
723 13.295907 52.497456 1553 0.115
724 13.4387455 52.541508 14134 0.95
725 13.414101 52.548878 409337 0.378
726 13.413907 52.548454 300766 0.664
727 13.478063 52.504765 217370 0.192
728 13.507299 52.403522 410730 0.106
729 13.497225 52.4157 360462 1.0
730 13.49577 52.41562 238997 0.672
731 13.497295 52.4166 305409 0.609
732 13.506262 52.405235 347040 0.835
733 13.32581 52.491123 39840 0.592
734 13.3246765 52.491493 39839 0.882
735 13.325296 52.49143 39840 0.264
736 13.335677 52.499016 428603 0.506
737 13.411394 52.539917 43294 0.216
738 13.403603 52.523235 426457 0.853
739 13.505746 52.403797 347083 0.588
740 13.490959 52.420704 323678 0.665
741 13.495513 52.417965 239252 0.569
742 13.506705 52.403908 347094 0.508
743 13.32277 52.486687 491429 0.117
744 13.323129 52.486668 491428 0.572
745 13.322793 52.48697 87089 1.0
746 13.375005 52.547955 84023 0.757
747 13.380983 52.55179 462888 0.889
748 13.340924 52.488415 465871 0.393
749 13.368968 52.544292 11597 0.343
750 13.486707 52.618233 285046 0.896
751 13.453016 52.519238 413226 0.289
752 13.379212 52.551064 9296 0.765
753 13.379108 52.551006 9296 0.803
754 13.378432 52.550575 9297 0.737
755 13.371917 52.546104 9295 0.59
756 13.367252 52.544655 321554 0.186
757 13.36964 52.54639 53966 0.506
758 13.377608 52.54966 462885 0.351
759 13.382155 52.552254 179734 0.222
760 13.382269 52.552208 179734 0.046
761 13.289412 52.554825 80833 0.258
762 13.382605 52.551544 84063 0.514
763 13.296733 52.464123 293117 0.874
764 13.322468 52.488678 359717 0.771
765 13.322787 52.486897 87089 0.79
766 13.314401 52.481503 1946 0.923
767 13.293904 52.505157 32133 0.243
768 13.297852 52.509968 4764 0.548
769 13.314681 52.509983 264485 0.316
770 13.314187 52.507027 264490 0.389
771 13.424639 52.533535 13941 0.609
772 13.252538 52.515728 104661 0.84
773 13.258701 52.50832 470993 0.218
774 13.240729 52.51189 7230 0.454
775 13.258273 52.507866 223876 0.763
776 13.294236 52.50617 128616 0.35
777 13.302728 52.49965 120317 0.39
778 13.279157 52.50714 362346 0.462
779 13.300944 52.500248 91943 0.509
780 13.379183 52.552696 217195 0.153
781 13.387086 52.55218 15373 0.989
782 13.4199295 52.535385 331527 0.576
783 13.366154 52.58435 155916 0.621
784 13.459662 52.510216 65261 0.311
785 13.370219 52.5417 93113 0.271
786 13.381143 52.551903 462888 0.957
787 13.368864 52.524574 223651 0.546
788 13.314664 52.47256 9885 0.589
789 13.292765 52.518127 48430 0.667
790 13.314772 52.47406 9927 0.106
791 13.537753 52.528065 477634 1.0
792 13.533539 52.57779 80555 0.378
793 13.545167 52.52992 247170 0.26
794 13.545172 52.529778 247170 0.264
795 13.526561 52.458866 303759 0.745
796 13.405809 52.54674 15178 0.761
797 13.3607 52.486538 441250 0.065
798 13.351651 52.4855 325086 0.387
799 13.349374 52.490536 8009 0.145
800 13.354127 52.49462 7726 0.123
801 13.354274 52.494614 7726 0.239
802 13.370955 52.54542 9291 0.49
803 13.337777 52.523815 146329 0.188
804 13.382121 52.551785 84062 0.519
805 13.381859 52.5519 84062 0.017
806 13.381503 52.55206 84061 0.216
807 13.364057 52.497112 91483 0.151
808 13.314918 52.490356 2048 0.481
809 13.314327 52.574932 127454 0.456
810 13.568131 52.44461 340445 0.796
811 13.567897 52.444653 340445 0.368
812 13.478247 52.52682 353831 0.738
813 13.478904 52.5269 353831 0.104
814 13.645354 52.34825 229883 0.0
815 13.315863 52.489407 261099 0.751
816 13.346533 52.436337 269248 0.553
817 13.208131 52.56142 328065 0.465
818 13.207291 52.555817 159822 0.151
819 13.462024 52.42501 198250 0.56
820 13.463233 52.42509 198257 0.32
821 13.469116 52.505173 351119 0.339
822 13.415295 52.546818 36767 0.922
823 13.438647 52.48879 191997 0.922
824 13.434438 52.490128 313816 0.781
825 13.433579 52.489857 241385 0.874
826 13.437419 52.487488 227651 0.495
827 13.401214 52.580585 493145 0.269
828 13.4015255 52.580635 493144 0.376
829 13.3997 52.58075 203658 0.686
830 13.326326 52.48665 38256 1.0
831 13.324771 52.48757 1304 0.283
832 13.401522 52.58803 386100 0.547
833 13.401993 52.587097 164316 0.152
834 13.183164 52.475178 490362 0.203
835 13.401554 52.580364 493144 0.428
836 13.454585 52.47272 35687 0.143
837 13.453025 52.473442 36751 0.593
838 13.451072 52.471954 486050 0.524
839 13.444809 52.473694 85143 0.237
840 13.388058 52.49381 502782 0.926
841 13.411504 52.568577 467553 0.235
842 13.44585 52.471912 313522 0.959
843 13.443244 52.47069 313319 0.125
844 13.308416 52.49703 149199 0.423
845 13.433086 52.48097 344778 0.343
846 13.417957 52.479954 287773 0.485
847 13.5739975 52.445084 41729 0.969
848 13.350056 52.541466 457097 0.953
849 13.654798 52.374123 157017 0.353
850 13.35247 52.480183 443909 0.0
851 13.374665 52.50838 318883 0.896
852 13.374667 52.508068 318884 0.916
853 13.408689 52.490086 223666 0.957
854 13.547306 52.4375 301441 0.038
855 13.54517 52.43695 345426 0.319
856 13.547884 52.437927 337661 0.218
857 13.546032 52.438 160107 0.371
858 13.333652 52.51529 371975 0.291
859 13.463104 52.523735 353626 0.739
860 13.36323 52.5665 15602 0.065
861 13.36326 52.566452 15502 0.002
862 13.342139 52.501392 453099 0.668
863 13.34415 52.50381 11854 0.257
864 13.339437 52.494793 7996 0.64
865 13.343791 52.50199 453087 1.0
866 13.343992 52.504192 346586 0.935
867 13.343409 52.50134 453093 1.0
868 13.456815 52.50942 380289 0.816
869 13.303638 52.507812 6612 0.114
870 13.57314 52.41165 305135 0.702
871 13.419199 52.54045 15211 0.234
872 13.42111 52.537483 331528 0.789
873 13.375082 52.50905 501705 0.976
874 13.310204 52.494217 3620 0.024
875 13.415777 52.54074 439259 0.291
876 13.32209 52.458538 187583 0.043
877 13.321603 52.458538 317851 0.915
878 13.322674 52.458652 261268 0.056
879 13.316968 52.503887 419248 0.321
880 13.321958 52.50459 3457 0.214
881 13.314435 52.501945 114131 0.618
882 13.313729 52.503826 261180 0.512
883 13.322387 52.503994 3457 0.701
884 13.307193 52.51751 322464 0.042
885 13.411213 52.53978 43294 0.452
886 13.4112835 52.53985 43294 0.348
887 13.410354 52.53938 43297 0.061
888 13.407453 52.5367 247109 0.432
889 13.409319 52.538013 445566 0.569
890 13.409719 52.538906 43297 0.786
891 13.406228 52.50576 225168 0.399
892 13.349023 52.482014 265294 0.871
893 13.413846 52.54092 488060 0.718
894 13.412875 52.540836 252219 0.122
895 13.413055 52.541046 252219 0.316
896 13.422673 52.539654 320892 0.805
897 13.420129 52.53412 343301 0.497
898 13.42087 52.53667 331528 0.409
899 13.453367 52.51334 165138 0.598
900 13.609522 52.5361 478188 0.505
901 13.414559 52.55185 295437 0.058
902 13.413999 52.548515 300766 0.723
903 13.35902 52.573032 11551 0.362
904 13.389539 52.53553 341477 0.922
905 13.40282 52.54037 138907 0.122
906 13.559894 52.55536 325060 0.232
907 13.562969 52.55497 39980 0.095
908 13.548462 52.549973 220175 0.734
909 13.41759 52.501846 17729 0.392
910 13.322222 52.45569 5128 0.384
911 13.33885 52.462917 10906 0.691
912 13.468956 52.512646 276621 0.334
913 13.525305 52.482292 23015 0.95
914 13.40538 52.539997 177206 0.165
915 13.315046 52.447155 300267 0.592
916 13.4335985 52.49844 214041 0.829
917 13.399815 52.523026 13197 0.849
918 13.438689 52.540558 469999 0.923
919 13.366857 52.585186 443117 0.383
920 13.328172 52.46422 261249 0.757
921 13.327362 52.464417 272362 0.233
922 13.294993 52.442543 300384 0.916
923 13.29681 52.443157 200064 0.913
924 13.5676 52.51877 282714 0.598
925 13.353817 52.49666 307137 0.287
926 13.290776 52.517696 48431 0.804
927 13.39008 52.50819 79243 0.891
928 13.3038435 52.481705 227696 1.0
929 13.230179 52.44696 44797 0.637
930 13.39776 52.56705 366206 0.477
931 13.412609 52.540882 500152 0.643
932 13.286554 52.453312 28118 0.076
933 13.410832 52.566906 15421 0.68
934 13.302018 52.473568 88252 0.567
935 13.322812 52.48581 335778 0.422
936 13.326523 52.48391 44048 0.075
937 13.36048 52.570587 11558 0.332
938 13.411705 52.56716 15427 0.041
939 13.374782 52.507072 61037 0.737
940 13.390604 52.511387 458189 0.579
941 13.307113 52.5068 129559 0.843
942 13.353365 52.490284 203202 0.658
943 13.3615265 52.56976 15681 0.591
944 13.366537 52.552364 15671 0.731
945 13.367738 52.55148 458409 0.216
946 13.366783 52.55191 477679 0.05
947 13.368458 52.550316 11969 0.663
948 13.366136 52.55316 15671 0.078
949 13.394898 52.491398 73425 0.893
950 13.402701 52.593807 371483 0.226
951 13.427798 52.49234 234254 0.492
952 13.305758 52.51042 7116 0.727
953 13.395933 52.454403 270170 0.058
954 13.39368 52.524937 494826 0.275
955 13.355463 52.485508 265308 0.463
956 13.535424 52.433064 271079 0.822
957 13.535606 52.432934 271080 0.504
958 13.53533 52.43311 271079 0.425
959 13.517516 52.4446 242060 0.993
960 13.512647 52.449116 229441 0.536
961 13.44197 52.503994 247420 0.088
962 13.466155 52.506016 278291 0.421
963 13.467432 52.505005 278294 0.053
964 13.467765 52.504715 278294 0.581
965 13.468811 52.503773 311116 0.041
966 13.360139 52.48992 227243 0.491
967 13.40767 52.530506 340075 0.784
968 13.513005 52.467533 477798 0.691
969 13.513363 52.466824 172982 0.897
970 13.41936 52.49926 502859 0.93
971 13.41738 52.49952 502858 0.378
972 13.586713 52.44111 102584 0.696
973 13.457136 52.51144 342974 0.214
974 13.487835 52.551777 55536 0.505
975 13.369328 52.420444 143506 0.327
976 13.414581 52.43412 376045 0.929
977 13.339177 52.461914 105282 0.06
978 13.367681 52.5523 88798 0.424
979 13.362216 52.55207 355734 0.135
980 13.323374 52.46044 317854 0.645
981 13.413089 52.53293 170474 0.988
982 13.400868 52.52615 232605 0.0
983 13.297541 52.51148 5785 0.73
984 13.300105 52.52113 5808 0.0
985 13.434846 52.498528 251414 0.191
986 13.314768 52.51428 83029 0.358
987 13.315159 52.515003 418618 0.222
988 13.401386 52.522106 326748 0.161
989 13.410107 52.52084 418580 0.716
990 13.468698 52.507107 8246 0.989
991 13.46937 52.505463 351119 0.53
992 13.470172 52.506416 8244 0.114
993 13.468702 52.50669 8246 0.762
994 13.468599 52.507153 249295 0.415
995 13.469757 52.505856 283055 0.272
996 13.470183 52.505703 361781 0.78
997 13.470267 52.506413 283054 0.981
998 13.469037 52.506565 8246 0.305
999 13.431057 52.50104 346757 0.845
1000 13.43053 52.49894 226605 0.0
1001 13.428417 52.498898 383353 0.294
1002 13.39474 52.46515 231135 0.686
1003 13.327504 52.521908 2573 0.925
1004 13.418011 52.499905 187441 0.133
1005 13.417576 52.49957 502858 0.638
1006 13.417879 52.49974 232609 1.0
1007 13.4137535 52.502907 455562 0.265
1008 13.416674 52.499435 494176 0.687
1009 13.417708 52.501812 17729 0.445
1010 13.418271 52.501675 17729 0.696
1011 13.4169655 52.501827 17729 0.133
1012 13.330113 52.526264 9081 0.449
1013 13.330871 52.52736 356722 0.732
1014 13.3299055 52.525448 9082 0.17
1015 13.329741 52.52485 9082 0.59
1016 13.416964 52.502365 225931 0.733
1017 13.420052 52.50118 149792 0.568
1018 13.418506 52.500114 442154 0.308
1019 13.415556 52.503117 28273 0.683
1020 13.419024 52.501465 17730 0.625
1021 13.417914 52.499973 187440 0.702
1022 13.417264 52.499546 502858 0.205
1023 13.41728 52.499622 187436 0.581
1024 13.423154 52.49991 352633 0.379
1025 13.421665 52.498917 329579 0.836
1026 13.418055 52.499977 187441 0.39
1027 13.418152 52.50015 442152 0.962
1028 13.417381 52.501907 17729 0.297
1029 13.414588 52.502686 455562 0.777
1030 13.413018 52.503128 13702 0.638
1031 13.392973 52.51636 357440 1.0
1032 13.455481 52.51186 251055 0.809
1033 13.455572 52.51181 251055 0.745
1034 13.455551 52.51184 251055 0.762
1035 13.456382 52.511936 251055 0.235
1036 13.271535 52.536213 11185 0.186
1037 13.411054 52.51244 435412 0.619
1038 13.416254 52.491364 114029 0.235
1039 13.42851 52.498386 288917 0.502
1040 13.427574 52.498703 288917 0.067
1041 13.405492 52.49583 225742 0.372
1042 13.354224 52.497375 491764 0.948
1043 13.430767 52.497578 383352 0.235
1044 13.39711 52.529476 233183 0.886
1045 13.367822 52.488113 342005 0.662
1046 13.409502 52.533863 36670 0.157
1047 13.339325 52.52666 9116 0.855
1048 13.339336 52.526882 9116 0.551
1049 13.33838 52.5263 133633 0.41
1050 13.526884 52.48193 424194 0.419
1051 13.428636 52.488457 373302 0.782
1052 13.351515 52.5736 105807 0.0
1053 13.201234 52.505913 91334 0.465
1054 13.454776 52.516235 99507 0.24
1055 13.375296 52.542286 84000 0.137
1056 13.376887 52.53577 208448 0.059
1057 13.3177595 52.498253 168916 0.597
1058 13.410796 52.53713 36675 0.516
1059 13.414319 52.554596 50975 0.919
1060 13.496919 52.518063 141348 0.317
1061 13.498184 52.51484 94628 0.675
1062 13.346037 52.436726 431977 0.363
1063 13.4208 52.54205 320402 0.567
1064 13.293475 52.51749 7532 0.863
1065 13.293703 52.5163 7527 0.323
1066 13.383427 52.530514 502254 0.0
1067 13.384815 52.49818 288683 0.851
1068 13.161857 52.420086 245551 0.322
1069 13.442213 52.48569 37606 0.69
1070 13.441743 52.47946 313734 0.344
1071 13.146146 52.41667 4439 0.566
1072 13.308553 52.410767 227755 0.344
1073 13.337896 52.50448 304630 0.223
1074 13.3831625 52.483406 68008 0.335
1075 13.388849 52.412228 134546 0.313
1076 13.386612 52.500828 44681 0.87
1077 13.445043 52.499664 359485 0.385
1078 13.396276 52.440372 490692 0.214
1079 13.443916 52.484745 313949 0.356
1080 13.328084 52.525387 128356 0.128
1081 13.322792 52.510067 320917 0.567
1082 13.237799 52.42811 459515 0.988
1083 13.394356 52.490578 227978 0.576
1084 13.39472 52.527073 162147 0.683
1085 13.328542 52.50585 248991 1.0
1086 13.349093 52.5416 404986 0.0
1087 13.34899 52.541576 404984 0.856
1088 13.349215 52.541626 404986 0.143
1089 13.29648 52.464367 196459 0.623
1090 13.411218 52.491306 250674 0.54
1091 13.347939 52.540882 456995 0.279
1092 13.348328 52.540844 359853 0.091
1093 13.320024 52.462925 427551 0.561
1094 13.367367 52.509026 11809 0.289
1095 13.417507 52.53495 297850 0.484
1096 13.189726 52.433296 3662 0.192
1097 13.408405 52.48935 223676 0.64
1098 13.408458 52.48951 223677 0.226
1099 13.402312 52.510666 13597 0.078
1100 13.416575 52.491177 114029 0.302
1101 13.408222 52.48876 16898 0.465
1102 13.408324 52.48875 16899 0.456
1103 13.409686 52.490574 223668 0.665
1104 13.40317 52.52445 241486 0.934
1105 13.315911 52.44361 320492 0.113
1106 13.474437 52.514664 279313 0.436
1107 13.387582 52.526417 356864 0.393
1108 13.387387 52.526455 356864 0.815
1109 13.32942 52.470608 8476 0.001
1110 13.392509 52.527466 310521 0.827
1111 13.387418 52.526474 356864 0.759
1112 13.394668 52.488377 255665 0.094
1113 13.421634 52.48735 386340 0.334
1114 13.422711 52.487053 457913 0.935
1115 13.353813 52.49674 307137 0.224
1116 13.290581 52.498234 1063 0.174
1117 13.394628 52.487915 471630 0.389
1118 13.30159 52.484543 44323 0.323
1119 13.416728 52.511 95330 0.072
1120 13.417328 52.512295 225010 0.211
1121 13.4315195 52.531937 14028 0.051
1122 13.277249 52.505955 416100 0.772
1123 13.400356 52.522575 71072 0.819
1124 13.401154 52.52268 71070 0.453
1125 13.402086 52.523193 193535 0.973
1126 13.454048 52.506874 271213 0.934
1127 13.4240675 52.478855 222201 0.283
1128 13.41561 52.494404 126336 0.885
1129 13.396236 52.531605 122438 0.213
1130 13.442577 52.472168 313572 0.464
1131 13.473765 52.513554 422471 0.244
1132 13.396443 52.489464 338863 0.799
1133 13.4146805 52.549458 462212 0.764
1134 13.316289 52.43061 20339 0.223
1135 13.386036 52.51677 456623 0.617
1136 13.39765 52.546143 36424 0.617
1137 13.389284 52.51993 170075 0.413
1138 13.391099 52.52006 79275 0.576
1139 13.42407 52.4777 220259 0.163
1140 13.4308815 52.48648 313800 0.164
1141 13.326684 52.427986 70289 0.074
1142 13.346742 52.43597 88243 0.041
1143 13.333837 52.43028 78191 0.905
1144 13.344823 52.4371 107204 0.479
1145 13.344138 52.438824 107212 0.199
1146 13.332472 52.429916 141188 0.163
1147 13.344953 52.43687 107204 0.245
1148 13.343927 52.435406 70263 0.164
1149 13.341637 52.43366 70268 0.905
1150 13.327328 52.429756 82956 0.0
1151 13.409844 52.53835 178127 0.746
1152 13.411404 52.53812 178125 0.459
1153 13.386533 52.509983 49512 0.535
1154 13.442169 52.50071 435403 0.262
1155 13.411244 52.524082 52175 0.585
1156 13.423615 52.49101 7003 0.093
1157 13.422955 52.490513 28217 0.394
1158 13.285836 52.584473 189587 0.399
1159 13.547927 52.521267 53535 0.218
1160 13.3543415 52.48813 309402 0.54
1161 13.325241 52.42772 298542 0.379
1162 13.416705 52.540115 438833 0.125
1163 13.435702 52.423626 170466 0.088
1164 13.29515 52.43798 300181 0.897
1165 13.312707 52.43541 28189 0.439
1166 13.426025 52.492603 17668 0.143
1167 13.29689 52.51188 10612 0.701
1168 13.431201 52.49743 383352 0.816
1169 13.241607 52.55955 159344 0.139
1170 13.428775 52.488518 373302 0.941
1171 13.435551 52.53297 14030 0.766
1172 13.259317 52.43137 381882 0.894
1173 13.4962635 52.534634 259853 0.37
1174 13.497049 52.535004 43196 0.89
1175 13.466403 52.517025 173630 0.829
1176 13.26199 52.437054 193791 0.178
1177 13.258941 52.431164 204429 0.886
1178 13.437924 52.417625 164114 0.416
1179 13.401981 52.49035 73374 0.853
1180 13.349927 52.48136 302197 0.1
1181 13.379717 52.57165 21530 0.056
1182 13.25181 52.409348 245961 0.286
1183 13.261946 52.410793 246783 0.713
1184 13.407178 52.535267 36672 0.511
1185 13.46555 52.553738 33395 0.646
1186 13.3266735 52.463398 97440 0.92
1187 13.377001 52.521923 484283 0.456
1188 13.257895 52.43573 166058 0.372
1189 13.302277 52.506115 128619 0.0
1190 13.457237 52.51309 160287 0.069
1191 13.444653 52.499844 359485 0.692
1192 13.433846 52.48209 286599 0.344
1193 13.4345 52.48257 360370 0.243
1194 13.435481 52.48379 313870 0.985
1195 13.434239 52.48272 360370 0.337
1196 13.34901 52.522636 79509 0.255
1197 13.3490715 52.522793 79509 0.323
1198 13.349456 52.523796 79509 0.76
1199 13.349206 52.524128 79509 0.847
1200 13.349211 52.52414 79509 0.852
1201 13.349323 52.52441 79509 0.971
1202 13.349204 52.52314 79509 0.474
1203 13.3492365 52.5242 79509 0.879
1204 13.256001 52.428917 261134 0.118
1205 13.406739 52.498188 213689 0.693
1206 13.455867 52.509895 95774 0.887
1207 13.455538 52.509937 95774 0.337
1208 13.415791 52.540253 438830 0.647
1209 13.612022 52.512882 80038 0.552
1210 13.612349 52.513832 353614 0.222
1211 13.332899 52.52565 186552 0.834
1212 13.261159 52.435688 150189 0.063
1213 13.3097515 52.502293 258239 0.495
1214 13.396411 52.510494 467210 0.735
1215 13.427855 52.492733 17668 0.931
1216 13.421133 52.54158 36688 0.222
1217 13.413676 52.5514 382053 0.12
1218 13.2421055 52.423336 28085 0.436
1219 13.329589 52.52749 92547 0.084
1220 13.590444 52.5207 339849 0.009
1221 13.58988 52.521088 335328 0.512
1222 13.588326 52.52099 385069 0.557
1223 13.58758 52.520897 335298 0.0
1224 13.586526 52.520878 202980 0.019
1225 13.5868845 52.521946 365375 0.699
1226 13.589652 52.521694 335271 0.441
1227 13.589856 52.52172 335270 0.987
1228 13.466102 52.511868 345602 0.957
1229 13.423504 52.538734 79290 0.406
1230 13.279442 52.479782 9787 0.266
1231 13.575723 52.44495 93384 0.034
1232 13.4001875 52.56555 343152 0.957
1233 13.403722 52.565327 295199 0.935
1234 13.290198 52.55364 80841 0.0
1235 13.388788 52.438877 315967 0.176
1236 13.526887 52.509148 143003 0.633
1237 13.197561 52.52448 160569 0.055
1238 13.370883 52.564507 434004 0.233
1239 13.2016325 52.54863 28829 0.056
1240 13.3329 52.474297 8497 0.072
1241 13.323137 52.456253 303017 0.37
1242 13.328573 52.504852 116455 0.468
1243 13.327519 52.50454 442584 0.87
1244 13.426825 52.49563 277287 0.486
1245 13.439252 52.476856 192847 0.113
1246 13.418773 52.53097 198190 0.144
1247 13.203691 52.53674 31522 0.467
1248 13.398234 52.52529 371831 0.731
1249 13.420801 52.496376 83991 0.139
1250 13.197402 52.51318 329679 0.602
1251 13.318688 52.528687 392445 1.0
1252 13.426202 52.49236 17668 0.21
1253 13.429183 52.487267 234451 0.511
1254 13.394497 52.569828 116092 0.644
1255 13.443242 52.497944 335782 0.585
1256 13.401544 52.52915 189039 1.0
1257 13.410425 52.5385 178127 0.12
1258 13.424582 52.52825 169942 0.813
1259 13.431346 52.532032 14028 0.098
1260 13.398919 52.533405 177345 0.135
1261 13.288554 52.588657 96080 0.309
1262 13.297271 52.513065 5788 0.463
1263 13.428753 52.486984 234451 0.229
1264 13.426463 52.498676 131690 1.0
1265 13.434758 52.49958 358596 0.356
1266 13.279605 52.518143 435496 0.53
1267 13.393653 52.48945 227984 0.0
1268 13.316345 52.518047 9679 0.745
1269 13.367966 52.551105 459746 0.338
1270 13.338828 52.463375 303092 0.309
1271 13.3611555 52.490128 14975 0.387
1272 13.421037 52.60721 206122 0.513
1273 13.309602 52.50755 116114 0.24
1274 13.3544855 52.617943 402307 0.629
1275 13.447133 52.50351 478677 0.057
1276 13.452404 52.508457 199379 0.565
1277 13.4474 52.503845 17347 0.361
1278 13.447424 52.502865 477470 0.621
1279 13.32531 52.504658 115962 0.749
1280 13.325625 52.503635 258862 0.628
1281 13.423038 52.49504 230199 0.737
1282 13.323427 52.50244 2816 0.061
1283 13.330558 52.469513 301915 0.415
1284 13.32227 52.45557 430301 0.129
1285 13.427976 52.491352 313635 0.909
1286 13.305292 52.518112 347284 0.588
1287 13.2969675 52.519012 43855 0.356
1288 13.297429 52.512108 5784 0.781
1289 13.297441 52.51204 5784 0.845
1290 13.296853 52.506958 434947 0.239
1291 13.420866 52.428905 376075 0.412
1292 13.198248 52.533794 492774 0.127
1293 13.195938 52.530457 30679 0.0
1294 13.282046 52.510403 241307 0.884
1295 13.284079 52.510345 458426 0.468
1296 13.411155 52.502945 418167 0.623
1297 13.366623 52.49148 449343 0.28
1298 13.405043 52.49794 253578 0.111
1299 13.351799 52.455902 396860 0.059
1300 13.520003 52.513756 471193 0.052
1301 13.189464 52.53354 253756 0.145
1302 13.382962 52.492664 89913 0.271
1303 13.409843 52.552593 12570 0.249
1304 13.331901 52.527283 356721 0.735
1305 13.423169 52.491707 386841 0.054
1306 13.321699 52.502937 4181 0.433
1307 13.32026 52.503033 4179 0.527
1308 13.414581 52.542866 177261 0.207
1309 13.327666 52.50536 396454 0.303
1310 13.498359 52.50972 101629 0.278
1311 13.497263 52.508644 302048 0.271
1312 13.391194 52.512062 89242 0.246
1313 13.401221 52.547382 15186 0.989
1314 13.29872 52.51084 7354 0.483
1315 13.304892 52.51245 142917 0.749
1316 13.431556 52.466736 501182 1.0
1317 13.305641 52.448235 77120 0.707
1318 13.313176 52.49082 92815 0.567
1319 13.467359 52.553005 451079 0.11
1320 13.314317 52.571125 121396 0.198
1321 13.520032 52.513798 471193 0.371
1322 13.28565 52.50822 14716 0.178
1323 13.600725 52.479584 486214 0.454
1324 13.352756 52.54978 9260 0.277
1325 13.353111 52.550087 383885 0.398
1326 13.415139 52.50401 320878 0.999
1327 13.444423 52.560722 17153 0.479
1328 13.214497 52.439205 166516 0.55
1329 13.376412 52.510395 500864 0.0
1330 13.376625 52.51153 197319 0.514
1331 13.376716 52.511993 197319 0.203
1332 13.38095 52.504723 503792 0.083
1333 13.50803 52.49968 343356 0.451
1334 13.428672 52.53347 13968 0.743
1335 13.347852 52.549335 401775 0.14
1336 13.431027 52.497505 383352 0.577
1337 13.408067 52.53665 247109 0.157
1338 13.444458 52.4835 307052 0.735
1339 13.444954 52.485126 162349 0.089
1340 13.469246 52.52863 342133 0.84
1341 13.468833 52.52858 491916 0.125
1342 13.510045 52.45671 246682 0.189
1343 13.429466 52.556335 284207 0.051
1344 13.411901 52.552395 12572 0.348
1345 13.439104 52.497177 251417 0.349
1346 13.509686 52.454067 427500 0.15
1347 13.509474 52.453606 216943 0.926
1348 13.511407 52.454758 335022 0.802
1349 13.470297 52.51159 296870 0.814
1350 13.387826 52.517906 260827 0.962
1351 13.278114 52.588543 138059 0.509
1352 13.501353 52.62707 188145 0.929
1353 13.283603 52.589275 170906 0.128
1354 13.429425 52.532715 13998 0.783
1355 13.429481 52.532753 13998 0.836
1356 13.4152565 52.49307 113465 0.265
1357 13.418388 52.494095 126340 0.202
1358 13.418401 52.493557 114035 0.985
1359 13.417469 52.49294 114032 0.636
1360 13.323518 52.49162 39839 0.131
1361 13.428754 52.487072 234451 0.316
1362 13.320247 52.471474 88412 0.095
1363 13.451115 52.512825 44212 0.28
1364 13.493774 52.500893 485080 0.113
1365 13.494314 52.50082 170836 0.534
1366 13.493431 52.501263 332590 0.349
1367 13.4398985 52.515636 404940 0.176
1368 13.432943 52.48069 344778 0.279
1369 13.419649 52.495285 126344 0.644
1370 13.432865 52.512463 23060 0.593
1371 13.363591 52.52625 16579 1.0
1372 13.434484 52.537098 23078 0.437
1373 13.285103 52.589962 244539 0.133
1374 13.285882 52.589836 244558 0.468
1375 13.287094 52.590134 244546 0.786
1376 13.285748 52.59001 244540 0.344
1377 13.287756 52.589775 63184 0.263
1378 13.282557 52.58951 24947 0.549
1379 13.306331 52.5058 135751 0.664
1380 13.306001 52.509617 5500 0.167
1381 13.302116 52.50651 129564 0.371
1382 13.304231 52.502094 275604 0.274
1383 13.424311 52.48698 469098 0.971
1384 13.409468 52.53813 445566 0.353
1385 13.345281 52.481777 302195 0.553
1386 13.645063 52.378727 383183 0.25
1387 13.49494 52.51442 311634 0.831
1388 13.36272 52.498734 149585 0.492
1389 13.363047 52.49955 224658 0.471
1390 13.363355 52.49951 224658 0.998
1391 13.386254 52.531693 502440 0.921
1392 13.428327 52.498928 383353 0.452
1393 13.451183 52.522667 24223 0.131
1394 13.453255 52.523186 24223 0.895
1395 13.392136 52.49837 462234 0.477
1396 13.439298 52.500725 150961 0.55
1397 13.438931 52.50069 150961 0.691
1398 13.241009 52.442764 405726 0.708
1399 13.314803 52.518208 9674 0.891
1400 13.428739 52.486446 424996 0.206
1401 13.427131 52.48743 123763 0.181
1402 13.429533 52.486515 123765 0.691
1403 13.399356 52.50815 230197 0.154
1404 13.394424 52.508045 226243 0.074
1405 13.432518 52.469265 313471 0.942
1406 13.431828 52.468502 452101 0.483
1407 13.431551 52.47015 313510 0.649
1408 13.430304 52.468834 452099 0.288
1409 13.462586 52.51342 8248 0.75
1410 13.2993555 52.50695 434945 0.854
1411 13.309822 52.506355 149357 0.299
1412 13.291007 52.506516 151871 0.836
1413 13.29811 52.500782 977 0.091
1414 13.299263 52.500774 91942 0.026
1415 13.296424 52.501217 7109 0.083
1416 13.297997 52.501183 91941 0.009
1417 13.313738 52.506645 300405 0.683
1418 13.294681 52.513573 142435 0.108
1419 13.385078 52.47104 242766 0.135
1420 13.386319 52.490616 5780 0.05
1421 13.393552 52.51283 160261 0.998
1422 13.323017 52.51705 426886 0.258
1423 13.144871 52.452404 41270 0.202
1424 13.374018 52.509876 499914 1.0
1425 13.419487 52.49626 50222 0.391
1426 13.575114 52.538403 481706 0.766
1427 13.665089 52.410748 141722 0.369
1428 13.390046 52.564594 15463 0.925
1429 13.171604 52.482716 490300 0.171
1430 13.574811 52.446327 340527 0.349
1431 13.576401 52.44618 246885 0.281
1432 13.57626 52.44731 41212 0.907
1433 13.577 52.44729 41212 0.523
1434 13.436985 52.51718 400967 0.848
1435 13.395333 52.507603 226243 0.368
1436 13.30727 52.51749 416393 0.898
1437 13.331559 52.46389 168537 0.73
1438 13.2034025 52.537502 28527 0.744
1439 13.202523 52.538048 64322 0.814
1440 13.2036915 52.536945 31522 0.653
1441 13.3920965 52.490433 187900 0.875
1442 13.206545 52.538628 31043 0.554
1443 13.443168 52.499645 335655 0.378
1444 13.419272 52.4947 126343 0.515
1445 13.437276 52.536125 14088 0.536
1446 13.433948 52.53609 440512 0.632
1447 13.434305 52.535915 440512 0.219
1448 13.4402 52.500854 150961 0.202
1449 13.314335 52.506397 416351 0.083
1450 13.348834 52.524532 478134 0.757
1451 13.41726 52.50078 28263 0.142
1452 13.417079 52.51187 13654 0.121
1453 13.417791 52.513275 333968 0.501
1454 13.420038 52.502575 209659 0.754
1455 13.421423 52.509857 95331 0.577
1456 13.428915 52.50089 142656 0.698
1457 13.232174 52.585594 499105 0.432
1458 13.430015 52.468304 140357 0.819
1459 13.4298 52.468277 140357 0.743
1460 13.427866 52.46804 140357 0.064
1461 13.428759 52.468143 140357 0.377
1462 13.431926 52.501545 346738 0.563
1463 13.431823 52.501762 346738 0.46
1464 13.385967 52.466213 304066 0.303
1465 13.380718 52.465958 304040 0.679
1466 13.38842 52.520588 478866 0.879
1467 13.413304 52.512455 13642 0.303
1468 13.420015 52.550903 295438 0.946
1469 13.382742 52.411064 82031 0.952
1470 13.311734 52.571743 104266 0.051
1471 13.259401 52.4314 381882 0.958
1472 13.431028 52.534813 23066 0.634
1473 13.520062 52.461185 243473 0.753
1474 13.408494 52.488724 16900 0.026
1475 13.385618 52.455357 185289 0.479
1476 13.421962 52.544117 320406 0.666
1477 13.199197 52.535442 480103 1.0
1478 13.239102 52.54257 136486 0.558
1479 13.240645 52.542995 139638 0.037
1480 13.240501 52.54297 139638 0.457
1481 13.404777 52.48892 118469 0.619
1482 13.240124 52.54317 139639 0.288
1483 13.2393675 52.543022 429117 0.867
1484 13.238126 52.544525 53791 0.375
1485 13.376568 52.52849 410452 0.31
1486 13.3049755 52.411175 270393 0.48
1487 13.250547 52.538937 325336 0.625
1488 13.346177 52.55343 463558 1.0
1489 13.463587 52.515003 427697 0.443
1490 13.443979 52.479527 313874 0.093
1491 13.467957 52.515766 271234 0.831
1492 13.328564 52.45909 237823 0.0
1493 13.415486 52.54376 177258 0.581
1494 13.461308 52.511333 59051 0.693
1495 13.461222 52.511837 59051 0.33
1496 13.461124 52.51165 59051 0.514
1497 13.412289 52.532974 141132 0.715
1498 13.561539 52.50578 185140 0.327
1499 13.362817 52.565266 80464 0.787
1500 13.4094715 52.50416 345731 0.606
1501 13.431107 52.534138 14001 0.041
1502 13.386357 52.55831 15369 0.974
1503 13.385874 52.558987 231266 0.329
1504 13.386 52.558952 231266 0.557
1505 13.390454 52.545868 171627 0.812
1506 13.410989 52.488914 136697 0.668
1507 13.422411 52.476986 280644 0.128
1508 13.203277 52.537605 28527 0.615
1509 13.3809395 52.465633 304040 0.339
1510 13.383513 52.465492 423300 0.412
1511 13.475537 52.513985 283099 0.885
1512 13.157377 52.53327 161021 0.421
1513 13.156895 52.53325 273633 0.114
1514 13.469654 52.614414 243408 0.866
1515 13.42563 52.53022 23073 0.842
1516 13.424663 52.528255 169941 0.775
1517 13.424764 52.528667 13991 0.314
1518 13.438738 52.499798 52235 0.505
1519 13.438867 52.499744 52235 0.651
1520 13.423864 52.499912 352638 0.181
1521 13.3076315 52.509 80077 0.472
1522 13.449759 52.52132 14537 0.633
1523 13.460014 52.494442 49823 0.519
1524 13.321999 52.45632 444455 0.315
1525 13.320647 52.457706 243556 0.132
1526 13.319523 52.45775 295121 1.0
1527 13.319336 52.45769 295121 1.0
1528 13.319821 52.45777 371921 0.662
1529 13.31962 52.457874 295121 1.0
1530 13.322473 52.458447 261267 0.839
1531 13.327972 52.480198 4577 0.332
1532 13.32977 52.465885 227430 0.672
1533 13.425145 52.48128 128323 0.798
1534 13.425093 52.48168 128324 0.852
1535 13.425118 52.481556 128324 0.525
1536 13.429588 52.53707 177370 0.27
1537 13.430912 52.53662 177370 0.732
1538 13.231739 52.539906 442590 0.205
1539 13.4894905 52.464092 288091 0.779
1540 13.20157 52.54707 31958 0.787
1541 13.398457 52.483093 177864 0.591
1542 13.201209 52.547516 207393 0.23
1543 13.397286 52.423637 19467 0.698
1544 13.624657 52.448204 38249 0.319
1545 13.385946 52.5171 346460 0.031
1546 13.569292 52.563057 39371 0.168
1547 13.265866 52.53646 5232 0.445
1548 13.270902 52.536846 145252 0.327
1549 13.314186 52.464348 5735 0.132
1550 13.504389 52.50923 92908 0.414
1551 13.459045 52.520622 473943 0.355
1552 13.43242 52.49702 329151 0.843
1553 13.425089 52.481823 313593 0.082
1554 13.129306 52.528416 278334 0.335
1555 13.287921 52.452637 357261 0.503
1556 13.290035 52.452824 96346 0.0
1557 13.294019 52.461494 45479 0.794
1558 13.3720255 52.446392 16684 0.517
1559 13.402655 52.52419 402629 0.37
1560 13.402645 52.519203 27729 0.226
1561 13.402813 52.520103 479683 0.959
1562 13.4029255 52.519974 442707 0.164
1563 13.423266 52.497795 329560 0.558
1564 13.388161 52.51046 259642 0.475
1565 13.389402 52.45875 202297 0.419
1566 13.361909 52.5496 9571 0.294
1567 13.55448 52.514484 138687 0.368
1568 13.428629 52.471973 45637 0.051
1569 13.571909 52.537457 64650 0.886
1570 13.392404 52.524437 33562 0.951
1571 13.462537 52.55025 144537 0.439
1572 13.463033 52.54959 144535 0.92
1573 13.461127 52.550373 102329 0.404
1574 13.270089 52.45036 251312 0.378
1575 13.29564 52.498116 149132 0.779
1576 13.512399 52.50714 370407 0.999
1577 13.517766 52.510155 18381 0.869
1578 13.427716 52.47467 313769 0.088
1579 13.431332 52.489872 373257 0.591
1580 13.514572 52.505436 54879 0.489
1581 13.4052105 52.55297 12566 0.723
1582 13.274107 52.4608 303165 0.174
1583 13.451057 52.508186 284981 0.959
1584 13.425433 52.489933 17674 0.582
1585 13.428127 52.488213 373302 0.201
1586 13.381959 52.53118 411095 0.676
1587 13.383712 52.530594 488838 0.712
1588 13.383638 52.53058 488838 0.444
1589 13.362008 52.55311 144428 0.003
1590 13.406531 52.546925 63603 0.497
1591 13.373761 52.50591 48281 0.457
1592 13.467274 52.554012 357758 0.746
1593 13.512677 52.507854 184251 0.486
1594 13.206929 52.56171 60281 0.192
1595 13.310302 52.431347 118727 0.477
1596 13.488654 52.46669 285620 0.311
1597 13.324532 52.48666 491426 0.631
1598 13.325997 52.486584 491425 0.376
1599 13.431645 52.552017 23290 0.046
1600 13.379825 52.52343 11433 0.859
1601 13.424136 52.53968 439253 0.922
1602 13.171857 52.519646 28930 0.29
1603 13.4740095 52.566483 291754 0.701
1604 13.431164 52.53211 14016 0.85
1605 13.430593 52.532368 14016 0.558
1606 13.430211 52.53282 14016 0.308
1607 13.43252 52.594387 387690 0.969
1608 13.433151 52.607155 340320 0.451
1609 13.337532 52.503426 325017 0.528
1610 13.356155 52.542862 457082 0.498
1611 13.4445305 52.49278 448579 0.448
1612 13.422355 52.540363 288930 0.891
1613 13.324468 52.428585 421591 0.877
1614 13.435139 52.46143 313326 0.077
1615 13.300864 52.530987 485025 0.315
1616 13.451798 52.509827 223836 0.288
1617 13.573782 52.443317 285688 0.188
1618 13.434588 52.44326 288299 0.424
1619 13.43424 52.443474 285966 0.408
1620 13.305447 52.52555 52280 0.49
1621 13.443209 52.48428 313945 0.843
1622 13.347799 52.489513 309390 0.563
1623 13.346361 52.489292 309392 0.741
1624 13.3432045 52.488743 465883 0.199
1625 13.4604435 52.43225 482055 0.728
1626 13.418507 52.53047 343126 0.907
1627 13.525471 52.491924 186553 0.719
1628 13.353769 52.49316 203200 0.17
1629 13.353424 52.490845 203202 0.163
1630 13.353712 52.49292 203200 0.336
1631 13.353425 52.490986 203202 0.04
1632 13.428266 52.492973 234253 0.465
1633 13.429287 52.48425 342076 0.076
1634 13.525898 52.458908 303751 1.0
1635 13.499658 52.509518 101631 0.469
1636 13.577221 52.536373 103685 0.799
1637 13.541057 52.435146 289417 0.747
1638 13.6119995 52.511723 499520 0.194
1639 13.611984 52.51177 236496 0.898
1640 13.405861 52.539837 177206 0.349
1641 13.411623 52.521904 446092 0.271
1642 13.411479 52.52196 231836 0.931
1643 13.422914 52.493137 185 0.435
1644 13.410124 52.54847 15184 0.491
1645 13.412557 52.5486 137065 0.651
1646 13.52821 52.48964 107614 0.47
1647 13.379249 52.497765 277842 0.32
1648 13.386818 52.53101 209373 0.398
1649 13.507284 52.4941 338199 0.623
1650 13.378267 52.444656 240577 0.174
1651 13.432545 52.46813 160110 0.339
1652 13.38997 52.43486 139935 0.668
1653 13.624793 52.453987 498206 0.251
1654 13.289805 52.63335 356445 0.485
1655 13.428249 52.492813 234253 0.7
1656 13.428257 52.4929 234253 0.573
1657 13.4279175 52.493256 234253 0.117
1658 13.4128065 52.512005 352853 0.467
1659 13.413524 52.511696 329050 0.169
1660 13.327787 52.428738 462778 0.765
1661 13.351844 52.596676 411735 0.782
1662 13.351629 52.59666 411735 0.914
1663 13.351994 52.596687 411735 0.69
1664 13.426801 52.490284 17675 0.361
1665 13.378553 52.507236 44159 0.664
1666 13.4255085 52.478767 189572 0.161
1667 13.42522 52.47966 128329 0.118
1668 13.425401 52.480953 385422 0.291
1669 13.426057 52.478584 340581 0.024
1670 13.430064 52.481327 16891 0.299
1671 13.337294 52.52673 177931 0.471
1672 13.33735 52.526722 177931 0.404
1673 13.430186 52.486294 123765 0.121
1674 13.430867 52.486984 313800 0.421
1675 13.417813 52.499733 232609 0.402
1676 13.418949 52.50149 17730 0.01
1677 13.436469 52.493572 329137 0.103
1678 13.356522 52.52343 436418 0.707
1679 13.3414345 52.526665 491701 0.0
1680 13.396964 52.532356 502416 0.731
1681 13.39222 52.519985 13229 0.791
1682 13.386262 52.513336 325133 0.362
1683 13.551242 52.534546 34520 0.83
1684 13.448074 52.477142 286973 0.695
1685 13.331492 52.532276 132986 1.0
1686 13.378994 52.524887 434413 0.795
1687 13.441879 52.46956 463631 0.391
1688 13.503356 52.455463 295290 0.697
1689 13.503465 52.45543 295290 0.621
1690 13.327497 52.46495 272362 0.256
1691 13.446015 52.549915 486526 0.927
1692 13.335229 52.531094 458415 0.0
1693 13.455086 52.50766 271215 0.043
1694 13.393317 52.489246 11101 0.475
1695 13.394085 52.49131 206782 0.833
1696 13.410095 52.527943 454587 0.0
1697 13.409414 52.528988 454547 0.0
1698 13.393265 52.51255 160262 0.662
1699 13.461067 52.51078 65252 0.854
1700 13.320031 52.512863 347309 0.19
1701 13.405135 52.527428 13846 0.748
1702 13.406303 52.527225 13846 0.125
1703 13.554597 52.55744 301227 0.681
1704 13.379725 52.503403 13422 0.845
1705 13.300887 52.52615 2974 0.834
1706 13.448172 52.490574 313740 0.779
1707 13.2868 52.433735 300206 0.244
1708 13.421092 52.535706 36685 0.522
1709 13.486725 52.465492 285623 0.341
1710 13.38674 52.549896 427334 0.418
1711 13.421721 52.495377 230201 0.331
1712 13.2597475 52.43038 205994 0.636
1713 13.497232 52.50858 302048 0.395
1714 13.439381 52.499783 52236 0.101
1715 13.336078 52.47139 251626 0.233
1716 13.334399 52.587154 165410 0.901
1717 13.332814 52.595055 174063 0.822
1718 13.422456 52.53699 79293 0.305
1719 13.4403925 52.48963 376446 0.126
1720 13.429035 52.484013 132810 0.113
1721 13.405115 52.52355 196694 0.622
1722 13.382906 52.498623 307754 0.663
1723 13.464314 52.509434 65265 0.184
1724 13.407373 52.52402 214344 0.196
1725 13.408005 52.51727 461267 0.657
1726 13.452477 52.456738 31351 0.963
1727 13.310394 52.493706 92524 0.566
1728 13.357496 52.547634 179666 0.658
1729 13.359932 52.548344 179688 0.404
1730 13.452037 52.510353 223836 0.812
1731 13.452111 52.510536 95771 0.034
1732 13.38892 52.518658 240069 0.257
1733 13.312458 52.50873 156602 0.396
1734 13.436573 52.484146 236913 0.657
1735 13.378628 52.544342 386767 0.0
1736 13.483911 52.46322 473360 0.744
1737 13.341969 52.467392 10892 0.831
1738 13.434912 52.469112 134584 0.785
1739 13.415194 52.543957 213473 0.531
1740 13.4605055 52.517345 271228 0.4
1741 13.498579 52.510635 376666 0.5
1742 13.570785 52.56435 39362 0.028
1743 13.567366 52.569714 275620 0.1
1744 13.578426 52.457993 140523 0.0
1745 13.578354 52.45715 167543 0.578
1746 13.577828 52.45715 99575 0.828
1747 13.503224 52.421284 135230 0.925
1748 13.402212 52.533527 58779 0.669
1749 13.35072 52.540928 457098 0.76
1750 13.349548 52.5417 404986 0.537
1751 13.3361635 52.52239 196138 0.701
1752 13.398625 52.522842 71524 1.0
1753 13.423527 52.47738 313727 0.438
1754 13.388862 52.39829 134173 0.672
1755 13.460704 52.492985 283037 0.342
1756 13.38034 52.42931 27482 0.417
1757 13.412417 52.568188 22356 0.257
1758 13.496158 52.506798 302052 0.8
1759 13.495608 52.5047 163213 0.265
1760 13.382868 52.522987 388759 0.205
1761 13.434098 52.484894 267314 0.947
1762 13.304876 52.61923 130453 0.255
1763 13.427374 52.490093 17675 0.813
1764 13.435983 52.482296 313854 0.965
1765 13.436391 52.48251 313854 0.674
1766 13.322145 52.497097 10889 0.302
1767 13.393915 52.42658 401148 1.0
1768 13.195149 52.430557 130720 0.0
1769 13.216815 52.4387 484750 0.272
1770 13.37172 52.53335 205283 0.98
1771 13.43672 52.533855 311472 0.611
1772 13.328435 52.486977 92844 0.779
1773 13.414067 52.549183 300767 0.855
1774 13.424206 52.546017 15212 0.046
1775 13.41256 52.546803 15177 0.862
1776 13.330298 52.524036 83756 0.683
1777 13.406253 52.54897 478654 0.363
1778 13.447457 52.520615 14625 0.517
1779 13.42041 52.533382 79300 0.546
1780 13.311133 52.432514 5742 0.32
1781 13.568101 52.571426 361649 0.208
1782 13.335892 52.523125 196138 0.219
1783 13.399899 52.522266 71511 0.328
1784 13.402078 52.528896 185253 0.925
1785 13.412827 52.490932 378935 0.49
1786 13.283346 52.50626 492949 0.689
1787 13.483256 52.497005 58349 0.337
1788 13.387459 52.51121 458193 0.619
1789 13.346191 52.503498 320773 0.695
1790 13.346205 52.503674 320773 0.776
1791 13.459369 52.510265 65261 0.086
1792 13.3220625 52.520954 2563 0.469
1793 13.373688 52.50954 161836 0.157
1794 13.433497 52.531452 14033 0.899
1795 13.477494 52.501556 464887 1.0
1796 13.329142 52.521202 344994 0.913
1797 13.301258 52.4945 241339 0.01
1798 13.34256 52.531773 461715 0.636
1799 13.286019 52.58472 189585 0.449
1800 13.421985 52.498924 329579 1.0
1801 13.443553 52.499577 335655 0.547
1802 13.441707 52.498783 52237 0.692
1803 13.446852 52.498646 359488 0.401
1804 13.444832 52.499454 359485 0.446
1805 13.249222 52.61001 324633 0.107
1806 13.423981 52.554405 15210 0.451
1807 13.419917 52.543583 36760 0.76
1808 13.408551 52.5377 499385 0.078
1809 13.412251 52.54476 319196 0.49
1810 13.379977 52.523678 11433 0.774
1811 13.406582 52.49866 197939 0.755
1812 13.400763 52.53009 189030 0.519
1813 13.384206 52.532207 11731 0.39
1814 13.323321 52.490646 359715 0.304
1815 13.484393 52.463615 285628 0.73
1816 13.423849 52.48975 260713 0.017
1817 13.5638075 52.57112 229421 0.277
1818 13.448543 52.51235 426646 0.023
1819 13.507345 52.499645 343341 0.547
1820 13.431362 52.467083 501147 0.401
1821 13.351136 52.524452 2405 0.037
1822 13.402508 52.510494 13597 0.489
1823 13.39322 52.526707 424478 0.66
1824 13.393392 52.526146 424480 0.55
1825 13.394134 52.526592 162147 0.934
1826 13.392985 52.52714 424478 0.269
1827 13.389803 52.526516 310520 0.429
1828 13.261344 52.444523 20966 0.945
1829 13.262145 52.487564 320633 0.727
1830 13.440199 52.48361 162306 0.249
1831 13.297773 52.5102 4764 0.243
1832 13.577929 52.454258 37841 0.843
1833 13.4821615 52.504097 225876 0.625
1834 13.473327 52.535797 351190 0.509
1835 13.403619 52.519695 442705 0.261
1836 13.354507 52.49815 115564 0.968
1837 13.354369 52.49695 491755 0.091
1838 13.403389 52.522804 193531 0.707
1839 13.415008 52.49313 113465 0.167
1840 13.257453 52.434925 299646 0.803
1841 13.395567 52.539562 468118 0.185
1842 13.39399 52.506096 207517 0.457
1843 13.414399 52.5506 325245 0.715
1844 13.41255 52.541492 332732 0.407
1845 13.400703 52.522552 71072 0.195
1846 13.390729 52.504322 477129 0.474
1847 13.39066 52.504616 330045 0.846
1848 13.401739 52.52193 327272 0.115
1849 13.198601 52.553875 453564 0.671
1850 13.271212 52.51038 437773 0.031
1851 13.45471 52.50743 271199 1.0
1852 13.406835 52.524975 52172 0.009
1853 13.409164 52.52298 88881 0.305
1854 13.473735 52.453346 291896 0.572
1855 13.430346 52.498238 329590 0.44
1856 13.333266 52.506054 502830 0.278
1857 13.261555 52.51687 85420 0.088
1858 13.405276 52.540424 177206 0.076
1859 13.293401 52.445366 473053 0.788
1860 13.441007 52.497425 17580 0.387
1861 13.315893 52.453762 342645 0.491
1862 13.421211 52.481815 340933 0.73
1863 13.437859 52.503025 346803 0.293
1864 13.4565115 52.501755 140002 0.33
1865 13.244163 52.578342 214465 0.542
1866 13.405692 52.531 311441 0.357
1867 13.355619 52.59764 165664 0.677
1868 13.392036 52.564114 15463 0.071
1869 13.477653 52.504814 217369 0.835
1870 13.32766 52.472996 266562 0.798
1871 13.327661 52.473076 501040 0.0
1872 13.328038 52.47296 428063 0.45
1873 13.335613 52.52872 356729 0.535
1874 13.358019 52.49456 325079 0.654
1875 13.379768 52.523064 425508 0.726
1876 13.309201 52.467037 88396 0.002
1877 13.461377 52.516914 271229 0.144
1878 13.395768 52.5249 371828 0.618
1879 13.397782 52.525158 371831 0.536
1880 13.39519 52.526814 162147 0.527
1881 13.40052 52.523716 138024 0.35
1882 13.457858 52.510708 65259 0.691
1883 13.297334 52.49578 149112 0.577
1884 13.507472 52.49242 498220 0.356
1885 13.431957 52.531727 14017 0.252
1886 13.341369 52.525436 496859 0.066
1887 13.342172 52.525337 496859 0.729
1888 13.445509 52.546192 346675 0.363
1889 13.412884 52.55418 175214 0.899
1890 13.388353 52.438766 315965 0.866
1891 13.508717 52.574463 406059 0.903
1892 13.294139 52.50877 6674 0.139
1893 13.353756 52.49714 8003 0.919
1894 13.353373 52.49708 8003 0.693
1895 13.354243 52.49694 8004 0.757
1896 13.353832 52.493416 203199 0.993
1897 13.353986 52.49405 203199 0.503
1898 13.353516 52.4921 253048 0.116
1899 13.353877 52.493595 203199 0.855
1900 13.384044 52.512245 250388 0.608
1901 13.374819 52.508816 11781 0.297
1902 13.504492 52.57305 433859 0.712
1903 13.326866 52.50202 337356 0.0
1904 13.330959 52.50233 302771 0.987
1905 13.330713 52.50287 304656 0.433
1906 13.333334 52.50396 127498 0.746
1907 13.333038 52.501495 256471 0.177
1908 13.328565 52.468323 135848 0.24
1909 13.433676 52.471508 27459 0.572
1910 13.397567 52.535408 355608 0.48
1911 13.390911 52.52005 79275 0.697
1912 13.45573 52.50776 199386 0.698
1913 13.456372 52.50757 199387 0.832
1914 13.423221 52.53533 338959 0.834
1915 13.422783 52.53548 13962 0.548
1916 13.297372 52.497307 488570 0.827
1917 13.319854 52.505665 324992 0.232
1918 13.489067 52.512474 423561 0.505
1919 13.452219 52.458073 376589 0.55
1920 13.324584 52.49767 353447 0.091
1921 13.324235 52.495903 353449 0.602
1922 13.322154 52.493305 2067 0.755
1923 13.45636 52.510773 342975 0.182
1924 13.322611 52.496994 2117 0.057
1925 13.454698 52.51031 95771 0.843
1926 13.456656 52.51035 342975 0.447
1927 13.44858 52.466114 392544 0.413
1928 13.319139 52.497967 149230 0.45
1929 13.431262 52.485554 313865 0.007
1930 13.431807 52.48536 313865 0.369
1931 13.430493 52.485825 313862 0.951
1932 13.431138 52.485596 313864 0.832
1933 13.442457 52.50112 227362 0.783
1934 13.450354 52.50907 17337 0.549
1935 13.424701 52.480457 435827 0.727
1936 13.53472 52.433514 293250 0.908
1937 13.452869 52.502552 17365 0.349
1938 13.32824 52.4953 2056 0.682
1939 13.323398 52.497917 4249 0.084
1940 13.323387 52.49765 4249 0.037
1941 13.432288 52.483643 162314 0.228
1942 13.351644 52.497658 14881 0.437
1943 13.354552 52.49795 115564 0.927
1944 13.354643 52.49755 491766 0.0
1945 13.624624 52.447853 38248 0.41
1946 13.333292 52.50627 446247 0.711
1947 13.333355 52.52797 9090 0.471
1948 13.407669 52.517284 355924 0.795
1949 13.342432 52.434708 75381 0.798
1950 13.449269 52.505287 471089 0.517
1951 13.394305 52.51909 500851 0.574
1952 13.441789 52.483116 313944 0.084
1953 13.423213 52.5327 13959 0.34
1954 13.309997 52.476162 291995 0.265
1955 13.327383 52.496235 4148 0.829
1956 13.312496 52.512924 455829 0.775
1957 13.326015 52.53161 141242 0.726
1958 13.322572 52.511097 320936 0.083
1959 13.320001 52.50405 227884 0.982
1960 13.320025 52.50423 227884 0.782
1961 13.321913 52.504436 3457 0.359
1962 13.410772 52.52986 344508 0.9
1963 13.301032 52.50989 7348 0.692
1964 13.452239 52.508488 199379 0.042
1965 13.428232 52.492077 234254 0.822
1966 13.400897 52.548256 73562 0.983
1967 13.287025 52.518288 4940 0.363
1968 13.28647 52.520218 129538 0.658
1969 13.289966 52.518517 48434 0.349
1970 13.290642 52.519238 129556 0.804
1971 13.289004 52.519077 480887 0.471
1972 13.287864 52.518707 129543 0.639
1973 13.289292 52.631855 294676 0.569
1974 13.385111 52.5236 334381 0.312
1975 13.403983 52.52031 355928 0.527
1976 13.424668 52.47751 180650 0.347
1977 13.320782 52.505093 1207 0.149
1978 13.428283 52.49896 383353 0.538
1979 13.307289 52.52554 2971 0.166
1980 13.380181 52.516758 379877 0.732
1981 13.379983 52.516743 79180 0.42
1982 13.431502 52.497086 171708 0.368
1983 13.43121 52.496773 171707 0.878
1984 13.32877 52.477016 408828 0.745
1985 13.431226 52.469112 313471 0.369
1986 13.422673 52.53316 13957 0.7
1987 13.422994 52.53305 13959 0.1
1988 13.4225645 52.532932 412003 0.027
1989 13.416699 52.53538 343133 0.934
1990 13.40781 52.533146 155983 0.408
1991 13.343961 52.46692 169402 0.173
1992 13.428076 52.48447 18845 0.688
1993 13.432842 52.484993 313866 0.13
1994 13.430613 52.483665 342075 0.414
1995 13.430742 52.48361 342075 0.357
1996 13.427264 52.485203 132807 0.403
1997 13.4260645 52.48539 18840 0.744
1998 13.31143 52.512154 465765 0.885
1999 13.395931 52.496246 436373 0.154
2000 13.423872 52.532745 13959 0.796
2001 13.419947 52.531265 88497 0.525
2002 13.412529 52.49376 188772 0.559
2003 13.479482 52.51688 327657 0.321
2004 13.413159 52.533195 80163 0.327
2005 13.344071 52.555225 171001 0.883
2006 13.3736315 52.556377 470697 0.899
2007 13.449181 52.485424 313616 0.111
2008 13.430811 52.499897 339508 1.0
2009 13.495888 52.415596 488960 0.565
2010 13.411239 52.53975 43294 0.454
2011 13.421081 52.495018 290359 0.647
2012 13.420826 52.4955 230202 0.337
2013 13.420931 52.495247 290359 0.825
2014 13.408398 52.522797 182729 0.31
2015 13.5424795 52.52747 259889 0.716
2016 13.423276 52.500786 149802 0.205
2017 13.325969 52.482635 4549 0.483
2018 13.468069 52.428024 135067 0.334
2019 13.478074 52.429794 135215 0.11
2020 13.4587345 52.431602 135023 0.437
2021 13.453071 52.429653 466988 0.053
2022 13.307908 52.506794 129559 0.059
2023 13.319658 52.486404 4771 0.258
2024 13.3167515 52.502434 419251 0.165
2025 13.587199 52.418526 170863 0.216
2026 13.4367285 52.47098 98836 0.837
2027 13.58669 52.520893 76635 0.773
2028 13.406303 52.539673 177206 0.52
2029 13.544719 52.43678 430243 0.176
2030 13.322288 52.484 351648 1.0
2031 13.58297 52.515182 477926 1.0
2032 13.388074 52.520252 239166 1.0
2033 13.288914 52.632534 346652 0.681
2034 13.418467 52.529457 88490 0.922
2035 13.336339 52.52684 177932 0.82
2036 13.41194 52.52301 446082 0.324
2037 13.412036 52.523083 446082 0.475
2038 13.412139 52.523163 329270 0.178
2039 13.421878 52.49337 290358 0.305
2040 13.291671 52.553436 215731 0.0
2041 13.291433 52.554424 12667 0.631
2042 13.291536 52.55384 215701 0.111
2043 13.296499 52.55564 215596 1.0
2044 13.306313 52.50871 6605 0.604
2045 13.432078 52.531673 14017 0.312
2046 13.3431425 52.501984 37901 0.064
2047 13.327446 52.527355 87506 0.233
2048 13.327176 52.52738 87506 0.057
2049 13.400345 52.386852 445951 0.811
2050 13.443634 52.499653 335655 0.63
2051 13.307481 52.499313 127532 0.718
2052 13.338732 52.449234 421655 0.847
2053 13.338518 52.45082 300883 0.645
2054 13.341858 52.450867 429210 0.589
2055 13.324195 52.511993 450148 0.259
2056 13.359424 52.550613 11578 0.072
2057 13.347703 52.521187 286417 0.895
2058 13.554614 52.50111 489411 0.311
2059 13.292793 52.446167 92623 0.088
2060 13.293952 52.51194 10609 0.036
2061 13.327585 52.46459 272362 0.166
2062 13.327955 52.465263 135855 0.276
2063 13.327752 52.46477 272362 0.123
2064 13.314654 52.512913 480866 0.793
2065 13.333386 52.505405 502831 0.809
2066 13.368473 52.54462 11608 0.6
2067 13.367251 52.551144 458390 0.695
2068 13.394176 52.485687 317471 0.067
2069 13.368195 52.544647 11611 0.424
2070 13.2809105 52.586887 483546 0.264
2071 13.374736 52.48647 312863 0.519
2072 13.565008 52.542885 32412 0.125
2073 13.561132 52.538105 32998 0.693
2074 13.520136 52.525642 349568 0.068
2075 13.312229 52.498837 3626 0.584
2076 13.407217 52.539703 177206 0.826
2077 13.378043 52.491627 312834 0.473
2078 13.39393 52.491962 227943 0.33
2079 13.401405 52.490467 73375 0.188
2080 13.546985 52.437344 430238 0.268
