0 4.87346 52.339233 164918 1.0
1 4.962988 52.37064 14808 1.0
2 4.850617 52.392155 47258 1.0
3 4.883542 52.36412 79894 0.0
4 4.892704 52.373672 27676 1.0
5 4.918249 52.346664 113884 1.0
6 4.890016 52.354965 144328 1.0
7 4.894318 52.367043 27920 1.0
8 4.883625 52.364616 29974 1.0
9 4.89338 52.36673 209778 1.0
10 4.920289 52.354404 139276 1.0
11 4.91976 52.35482 139302 1.0
12 4.899174 52.37177 27448 1.0
13 4.897834 52.376692 215620 0.796
14 4.899334 52.37221 28312 1.0
15 4.89951 52.372528 185062 0.0
16 4.866991 52.37585 138410 1.0
17 4.894868 52.366615 81184 1.0
18 4.891328 52.35157 213962 1.0
19 4.923178 52.368366 17428 0.0
20 4.891517 52.352848 218792 1.0
21 4.89078 52.35405 28628 1.0
22 4.895299 52.376183 28086 1.0
23 4.883625 52.364616 29974 1.0
24 4.895667 52.36633 210022 1.0
25 4.897403 52.374832 27080 1.0
26 4.927867 52.35611 94868 1.0
27 4.908147 52.361717 25434 0.0
28 4.926031 52.35863 113934 1.0
29 4.918013 52.357418 17818 1.0
30 4.893709 52.36695 209976 1.0
31 4.845326 52.37127 177402 1.0
32 4.914579 52.39596 10775 0.5
33 4.890946 52.367855 27620 1.0
34 4.90754 52.39988 37690 0.0
35 4.914457 52.3955 93606 1.0
36 4.894891 52.365974 27858 1.0
37 4.911609 52.390884 142886 1.0
38 4.867508 52.366005 31980 1.0
39 4.91244 52.38973 36860 1.0
40 4.861195 52.36051 54614 1.0
41 4.871835 52.367188 186418 1.0
42 4.90077 52.355484 24986 0.0
43 4.863066 52.360428 256 1.0
44 4.868346 52.326843 36298 0.333
45 4.899867 52.376472 250054 1.0
46 4.889481 52.38139 38738 1.0
47 4.925883 52.367966 122860 1.0
48 4.827021 52.353546 206176 0.512
49 4.826975 52.353546 206176 0.409
50 4.912439 52.398277 37776 1.0
51 4.850548 52.36985 1198 1.0
52 4.902621 52.393475 37090 1.0
53 4.867612 52.344246 248198 1.0
54 4.811088 52.34548 81604 1.0
55 4.916926 52.346535 74834 1.0
56 4.911086 52.347363 22966 0.0
57 4.871701 52.325874 22002 1.0
58 4.890579 52.354553 219836 1.0
59 4.907532 52.35317 25088 1.0
60 4.893828 52.366875 210026 1.0
61 4.894029 52.367058 27916 1.0
62 4.873822 52.362465 91342 1.0
63 4.912201 52.366795 227724 1.0
64 4.912484 52.367214 26282 1.0
65 4.857322 52.350525 258574 1.0
66 4.878884 52.369465 30422 1.0
67 4.876066 52.372437 210398 0.0
68 4.899262 52.3793 173500 0.0
69 4.883625 52.364616 29974 1.0
70 4.891013 52.380543 38754 1.0
71 4.885096 52.383835 45074 1.0
72 4.913641 52.357716 25044 1.0
73 5.008272 52.35172 242842 1.0
74 4.944603 52.401047 5712 1.0
75 4.944227 52.401188 5804 0.0
76 4.927546 52.356163 113956 1.0
77 4.837769 52.38923 189500 0.535
78 4.853756 52.37074 135376 1.0
79 4.882102 52.361835 242824 1.0
80 4.9948 52.35492 103908 1.0
81 4.990323 52.35805 146086 1.0
82 4.88856 52.363464 29986 1.0
83 4.945943 52.36815 14668 1.0
84 4.911151 52.356377 106528 1.0
85 4.940002 52.363796 15930 1.0
86 4.911118 52.35643 17742 1.0
87 4.912255 52.355824 25230 1.0
88 4.899368 52.379406 173502 1.0
89 4.854488 52.357887 54462 0.0
90 4.842111 52.341675 52838 1.0
91 4.896567 52.377247 27090 1.0
92 4.925495 52.359646 217396 1.0
93 4.927867 52.35611 94868 1.0
94 4.92233 52.35428 17986 1.0
95 4.840032 52.34969 82386 1.0
96 4.932692 52.361023 106574 1.0
97 4.883717 52.362694 77266 1.0
98 4.78428 52.359055 146840 1.0
99 4.800221 52.358093 140984 1.0
100 4.890667 52.344677 132024 1.0
101 4.811782 52.35446 60744 0.0
102 4.895731 52.366367 209964 1.0
103 4.81028 52.354042 115056 1.0
104 4.895667 52.36633 210022 1.0
105 4.895145 52.36641 126636 1.0
106 4.874697 52.363346 32918 1.0
107 4.811333 52.35439 66228 1.0
108 4.927747 52.362447 15392 0.9
109 4.939877 52.347782 140198 1.0
110 4.873174 52.338104 187126 1.0
111 4.927457 52.362705 212502 1.0
112 4.873184 52.33658 187100 0.0
113 4.892216 52.40115 38634 1.0
114 4.868477 52.33151 36384 1.0
115 4.868487 52.330734 36386 1.0
116 4.928794 52.36097 106562 1.0
117 4.868487 52.330734 36386 1.0
118 4.900598 52.37449 27220 1.0
119 4.916508 52.351402 19986 1.0
120 4.883625 52.364616 29974 1.0
121 4.884105 52.364838 214176 1.0
122 4.884105 52.364838 214176 1.0
123 4.884286 52.36491 30812 1.0
124 4.932384 52.360836 161984 0.0
125 4.884105 52.364838 214176 1.0
126 4.818328 52.374928 60142 1.0
127 4.889473 52.367233 122080 1.0
128 4.846377 52.351593 76262 0.0
129 4.879517 52.381397 117542 1.0
130 4.819377 52.378273 60174 1.0
131 4.801192 52.358288 140986 1.0
132 4.928377 52.361282 15452 1.0
133 4.93124 52.363373 15940 0.0
134 4.811405 52.354924 246830 0.136
135 4.927387 52.36225 15370 1.0
136 4.917513 52.357758 144420 1.0
137 4.926693 52.362537 234698 1.0
138 4.925982 52.36527 212496 1.0
139 4.92687 52.36447 16148 1.0
140 4.910274 52.356175 106522 0.455
141 4.914003 52.357178 25118 1.0
142 4.89095 52.372646 28096 1.0
143 4.928049 52.36234 15388 1.0
144 4.813023 52.378525 51150 1.0
145 4.888601 52.368843 30796 1.0
146 4.857206 52.348705 53334 1.0
147 4.876283 52.362907 79332 1.0
148 4.87358 52.365414 31958 1.0
149 4.875623 52.364822 31408 1.0
150 4.940024 52.36181 153422 1.0
151 4.940179 52.36172 217160 1.0
152 4.871317 52.367043 186420 1.0
153 4.87467 52.36391 29278 1.0
154 4.7954 52.357628 67310 1.0
155 4.869939 52.36653 191144 1.0
156 4.86735 52.365906 214914 1.0
157 4.956687 52.392426 5072 1.0
158 4.899945 52.38035 147408 1.0
159 4.86833 52.366093 191138 1.0
160 4.890029 52.355297 78986 0.0
161 4.890286 52.355343 78992 1.0
162 4.888847 52.35473 144332 1.0
163 4.890466 52.355637 28722 0.0
164 4.889566 52.34995 1028 1.0
165 4.894992 52.352016 256484 1.0
166 4.901749 52.354282 25008 1.0
167 4.890662 52.35691 28666 1.0
168 4.897369 52.356514 28692 1.0
169 4.899749 52.356697 28766 1.0
170 4.899598 52.357162 28548 1.0
171 4.899749 52.356697 28766 1.0
172 4.938141 52.3738 1018 0.0
173 4.894836 52.372193 27331 0.163
174 4.772938 52.355629 220776 0.803
175 4.873174 52.338104 187126 1.0
176 4.891834 52.37613 27150 1.0
177 4.88914 52.381584 38740 0.0
178 4.894763 52.37856 107412 1.0
179 4.894707 52.37886 38980 1.0
180 4.896045 52.377865 171866 1.0
181 4.895129 52.37852 38976 1.0
182 4.89427 52.37845 38984 1.0
183 4.894707 52.37886 38980 1.0
184 4.895459 52.37825 38974 1.0
185 4.895577 52.37775 28294 0.0
186 4.893414 52.37677 28066 0.0
187 4.895709 52.377766 28168 1.0
188 4.894707 52.37886 38980 1.0
189 4.895794 52.3778 28168 0.0
190 4.892704 52.373672 27676 1.0
191 4.892915 52.373863 27678 1.0
192 4.893934 52.37414 209356 1.0
193 4.893653 52.374184 209358 1.0
194 4.896071 52.375893 249410 1.0
195 4.896505 52.377644 28302 1.0
196 4.896071 52.375893 249410 1.0
197 4.896071 52.375893 249410 1.0
198 4.895711 52.375614 112880 1.0
199 4.896071 52.375893 249410 1.0
200 4.897098 52.37696 112894 1.0
201 4.897942 52.376773 215621 0.137
202 4.88756 52.368748 30654 0.0
203 4.884267 52.368862 30548 1.0
204 4.888601 52.368843 30796 1.0
205 4.888472 52.370167 1104 1.0
206 4.892697 52.371822 122104 0.0
207 4.891532 52.369007 27500 1.0
208 4.890693 52.368236 27624 0.542
209 4.89189 52.371117 28108 1.0
210 4.895067 52.372116 27328 1.0
211 4.896776 52.37153 27354 1.0
212 4.894149 52.37243 27332 1.0
213 4.895462 52.371986 27326 1.0
214 4.881177 52.3644 217708 1.0
215 4.883625 52.364616 29974 1.0
216 4.858378 52.40504 49108 0.0
217 4.891142 52.360157 29016 0.0
218 4.798571 52.352203 158238 1.0
219 4.81064 52.354057 115674 1.0
220 4.877427 52.382977 99404 1.0
221 4.83925 52.34414 152550 1.0
222 4.848484 52.351578 53284 1.0
223 4.853361 52.364094 185352 0.452
224 4.863438 52.353096 175176 1.0
225 4.848544 52.348522 53364 1.0
226 4.938357 52.374058 148706 0.5
227 4.86046 52.351414 53198 1.0
228 4.861893 52.34804 53558 1.0
229 4.865515 52.346626 35266 1.0
230 4.905539 52.342686 23106 1.0
231 4.907201 52.341404 243746 1.0
232 4.906998 52.341293 131976 1.0
233 4.906684 52.342133 131974 1.0
234 4.882629 52.32604 21658 1.0
235 4.883937 52.33211 192886 0.505
236 4.87396 52.336845 172024 0.219
237 4.875785 52.33201 107748 1.0
238 4.867586 52.324646 22072 1.0
239 4.868171 52.326443 152332 1.0
240 4.936783 52.397987 9976 0.0
241 4.939513 52.365433 16762 1.0
242 4.925197 52.39123 11440 1.0
243 4.935902 52.399307 100690 1.0
244 4.884492 52.3846 168390 1.0
245 4.925255 52.39149 116126 0.0
246 4.887644 52.362698 29990 0.0
247 4.889991 52.366966 247984 1.0
248 4.896071 52.375893 249410 1.0
249 4.891064 52.412773 41426 1.0
250 4.938646 52.373837 159462 1.0
251 4.895201 52.375786 198034 0.333
252 4.892333 52.363552 222008 0.0
253 4.895378 52.375004 112904 0.0
254 4.878394 52.372875 75900 1.0
255 4.878496 52.372738 31142 1.0
256 4.896312 52.377594 28300 1.0
257 4.898927 52.36225 28948 1.0
258 4.899824 52.379517 173538 0.0
259 4.904095 52.38269 156730 1.0
260 4.897634 52.365818 27744 1.0
261 4.90079 52.37882 238874 0.0
262 4.838535 52.38871 233454 1.0
263 4.996182 52.39602 116662 1.0
264 4.951893 52.35441 223002 1.0
265 4.838889 52.389202 189508 1.0
266 4.940445 52.3978 102086 1.0
267 4.858303 52.37143 135362 1.0
268 4.87362 52.39091 44210 0.0
269 4.93804 52.39761 227394 1.0
270 4.891192 52.35971 174490 1.0
271 4.89081 52.3577 215802 1.0
272 4.916091 52.37748 17082 1.0
273 4.870591 52.337383 83554 1.0
274 4.893259 52.35524 28710 0.429
275 4.890545 52.356186 28750 1.0
276 4.855671 52.354366 113276 1.0
277 4.954361 52.392815 192676 1.0
278 4.900191 52.380077 220456 1.0
279 4.900619 52.379837 172950 1.0
280 4.89957 52.380455 83568 1.0
281 4.899945 52.38035 147408 1.0
282 4.896643 52.372696 27362 1.0
283 4.900452 52.3718 27416 1.0
284 4.895915 52.37556 112878 1.0
285 4.805363 52.35994 153056 0.0
286 4.895378 52.375004 112904 0.0
287 4.895666 52.376095 28084 0.0
288 4.893934 52.37414 209356 1.0
289 4.897098 52.37696 112894 1.0
290 4.893675 52.373615 27730 1.0
291 4.891485 52.369232 26872 1.0
292 4.894791 52.372208 27308 1.0
293 4.896034 52.371777 27354 0.0
294 4.898849 52.375824 27134 0.0
295 4.92953 52.37065 16322 1.0
296 4.898006 52.37523 27130 1.0
297 4.898339 52.375465 27156 1.0
298 4.897886 52.375156 27110 1.0
299 4.898006 52.37523 27130 1.0
300 4.897403 52.374832 27080 1.0
301 4.897403 52.374832 27080 1.0
302 4.897886 52.375156 27110 1.0
303 4.897375 52.375355 27020 1.0
304 4.860004 52.37474 135508 1.0
305 4.897886 52.375156 27110 1.0
306 4.853318 52.37345 55808 1.0
307 4.856649 52.37438 146612 1.0
308 4.847333 52.372536 135616 1.0
309 4.848547 52.37273 56680 1.0
310 4.847982 52.3785 46108 1.0
311 4.855134 52.37086 214982 1.0
312 4.859778 52.3749 138486 1.0
313 4.862361 52.375233 138476 1.0
314 4.860968 52.375065 138482 1.0
315 4.860968 52.375065 138482 1.0
316 4.886793 52.34982 34692 1.0
317 4.861626 52.375137 138478 1.0
318 4.857509 52.34497 133004 1.0
319 4.868148 52.344305 248185 0.25
320 4.884201 52.374137 185221 0.622
321 4.885424 52.381355 45002 1.0
322 4.89014 52.3743 143592 1.0
323 4.883846 52.374054 138000 1.0
324 4.886056 52.365932 30034 1.0
325 4.899749 52.356697 28766 1.0
326 4.909838 52.356186 106484 1.0
327 4.888115 52.373253 209500 1.0
328 4.895719 52.371887 102422 1.0
329 4.895856 52.377903 38972 1.0
330 4.793262 52.341581 122249 0.472
331 4.792651 52.341404 64746 0.0
332 4.890287 52.344505 223308 1.0
333 4.921418 52.33774 95976 1.0
334 4.927488 52.34447 19012 1.0
335 4.882675 52.35918 89410 0.0
336 4.892427 52.373814 27804 1.0
337 4.892358 52.37373 123684 1.0
338 4.901026 52.379623 238866 1.0
339 4.900543 52.378643 238862 0.0
340 4.911876 52.415657 252296 1.0
341 4.826562 52.417618 205502 1.0
342 4.952697 52.365005 168852 1.0
